0 0.7933076609375 0.8082487796875 0.7957278156250001 0.7885522890625001 0.7962643593750001 0.7652108656250001 0.5657563421875 0.71639798125 0.5468918453125 0.76489439375 0.7719167578125 0.80549785625 0.7933076609375 0.8082487796875
0 0.5958127125 0.651179615625 0.6096221921875 0.6065475296875 0.4203399140625 0.5966639890625001 0.39951115625 0.63638958125 0.4175661625 0.638711496875 0.5958127125 0.651179615625
0 0.8045150046874999 0.704216384375 0.8096078234374999 0.6627683328125 0.6170685125 0.6377943734375 0.6047447906250001 0.632348871875 0.5985057921875 0.6716428546875 0.79269765 0.7026966453125 0.8045150046874999 0.704216384375
0 0.2440786921875 0.973751734375 0.4164481109375 0.99591885625 0.15340399062500001 0.8499264125 0.0740722828125 0.9117455109374999 0.17650386093749998 0.9526988968750001 0.2440786921875 0.973751734375
0 0.64081061875 1 0.6548707640625 0.9989805593750001 0.6548816421875 0.9988920171875 0.44162455468750006 0.9965200578125 0.4245232328125 0.988659009375 0.42156783593749997 0.9965772640624999 0.44818270312499997 1 0.64081061875 1
0 0.26412602343749997 0.4609465078125 0.137305709375 0.44700517968750003 0.108527503125 0.46362981562499994 0.23866716562499998 0.49134016562499994 0.2522638109375 0.49308872656249997 0.2634809640625 0.46619635 0.26412602343749997 0.4609465078125
1 0.08983286406249999 0.5682279984374999 0.08835735 0.56803824375 0.049690121875 0.5864655484375 0.2242932828125 0.661083165625 0.2276915640625 0.66152019375 0.2640992921875 0.627838471875 0.2642269140625 0.62679980625 0.08983286406249999 0.5682279984374999
1 0.565927225 0.6843403515625 0.3421979140625 0.6744681703125 0.3168956515625 0.7170706078125 0.3397918578125 0.7200151140625 0.54817183125 0.734168428125 0.5658269484375 0.6851564546875 0.565927225 0.6843403515625
1 0.5080771109375 0.808985240625 0.27253728593750004 0.7353770546875 0.2244350984375 0.7812511390625 0.4701514875 0.8642926359375 0.4770136359375 0.865175125 0.507894596875 0.8104706359374999 0.5080771109375 0.808985240625
1 0.7856195375 0.90928211875 0.5280278078125 0.794132609375 0.48865575625 0.8430043093749999 0.75531264375 0.9749540453125001 0.7626123234375 0.9758928015624999 0.78544005 0.9107428843750001 0.7856195375 0.90928211875
1 0.8245884468750001 0.6177747515625 0.8235971187500001 0.590877109375 0.6448182953125 0.576898453125 0.6365492765625 0.60075541875 0.8237220093750001 0.6248262796875 0.8245884468750001 0.6177747515625
1 0.8302499265625001 0.5588775328125 0.8304962359375001 0.5568729390625 0.6721097421875 0.5328452875 0.6638167734375 0.554361065625 0.6636279078125 0.5558981640625 0.7996771484375 0.580803965625 0.8221449484375001 0.583693378125 0.8302499265625001 0.5588775328125
0 0.6684633078125 0.52936623125 0.5414844546875 0.47840711718750006 0.5171291499999999 0.501520475 0.6509252125 0.5585256421875 0.653759975 0.5588902 0.66785335625 0.5343303390624999 0.6684633078125 0.52936623125
1 0.17843853125 0.5167886015625001 0.1452796515625 0.5533193109375001 0.31942816406249996 0.5757152249999999 0.337496428125 0.5561591984375001 0.33762701562499997 0.5550964140625 0.17843853125 0.5167886015625001