0 0.4477274828125 0.552802121875 0.42688788750000006 0.6207342 0.8290920828124999 0.6540826562500001 0.8075578765625 0.5639182734375 0.4477274828125 0.552802121875
0 0.42619321250000003 0.6330855171875001 0.44911676875 0.545391353125 0.130555534375 0.53765431875 0.12957628125 0.5379805859375 0.0712254140625 0.6083828828125 0.42619321250000003 0.6330855171875001
0 0.7811610124999999 0.3613573171875 0.7804664015625 0.3168927078125 0.5468165640625 0.31088920781249996 0.5276125578124999 0.3564167671875 0.7811610124999999 0.3613573171875
0 0.3831247375 0.258841671875 0.3615904671875 0.2773685921875 0.565818503125 0.28230908593750004 0.58179550625 0.23660936875 0.3831247375 0.258841671875
0 0.7860235421875 0.23290398437499998 0.5845741390625 0.2477255203125 0.56442921875 0.2810739765625 0.7860235421875 0.268722715625 0.7860235421875 0.23290398437499998
0 0.490101284375 0.1464450421875 0.464399159375 0.16991245625 0.6151388578125 0.1736178390625 0.62555865625 0.1452098765625 0.490101284375 0.1464450421875
0 0.0469125734375 0.2220399390625 0.1969576609375 0.2220399390625 0.20737745937500002 0.2022778546875 0.0663628515625 0.1973373046875 0.0469125734375 0.2220399390625
1 0.246972690625 0.39841115781249997 0.204598825 0.46016752031249997 0.4831547953125 0.46016752031249997 0.5053836765625 0.4033516515625 0.246972690625 0.39841115781249997
1 0.796443340625 0.405821925 0.505555534375 0.3987654296875 0.491490634375 0.4576973015625 0.7922754203125 0.47128367187500003 0.796443340625 0.405821925
1 0.3261631546875 0.3168927078125 0.3003472015625 0.3487654296875 0.5276125578124999 0.3588870421875 0.5415056625 0.3144224328125 0.3261631546875 0.3168927078125
1 0.3039342734375 0.9319864609374999 0.35950650781250004 0.77636033125 0.0052270828125000005 0.7456021640625 0.0045387078125 0.8936974531249999 0.3039342734375 0.9319864609374999
1 0.840901228125 0.8245303234374999 0.367147671875 0.7837710984374999 0.3081021921875 0.93075129375 0.8547942078125 0.9937428234375 0.840901228125 0.8245303234374999
1 0.023294343749999998 0.31071704843750003 0 0.3490059984375 0.18723253906249998 0.34777088906250003 0.2247438109375 0.3144224328125 0.023294343749999998 0.31071704843750003
1 0.1170725234375 0.3934706078125 0 0.3934706078125 0.0031494234375 0.42558395468750004 0.0802559265625 0.44287576562500003 0.1170725234375 0.3934706078125
1 0.119156484375 0.25019579531249997 0.10595808437500001 0.2897198546875 0.278232084375 0.2798388671875 0.2942090859375 0.25390117968750003 0.119156484375 0.25019579531249997
1 0.21779725781249998 0.194615034375 0.19904162187500002 0.2168473390625 0.3324150328125 0.226728325 0.36020118125 0.1909096515625 0.21779725781249998 0.194615034375