0 0.593055534375 0.696913578125 0.5776275859375 0.7467172578125 0.828397471875 0.772654946875 0.8263135125 0.7281903375 0.593055534375 0.696913578125
0 0.4357638671875 0.591358021875 0.41368945625000003 0.6318503515625 0.610276328125 0.647907053125 0.6248640453125 0.6034424453125 0.4357638671875 0.591358021875
0 0.8256187734375 0.6713744109374999 0.82978669375 0.6293801343750001 0.63458916875 0.6120882671875 0.6220854109375 0.6071478296875 0.61722281875 0.6466718890625 0.8256187734375 0.6713744109374999
0 0.4762082421875 0.9999185390625 0.49079595937500003 0.97151051875 0.1886218234375 0.9085189890625 0.1309656296875 0.9912726046874999 0.2407208125 0.9999185390625 0.4762082421875 0.9999185390625
0 0.7158636546875 0.9937428234375 0.50191043125 0.98139161875 0.4852387546875 0.972745684375 0.47342960781250004 1 0.7158636546875 0.9937428234375
0 0.2511406109375 0.5293347640625 0.2643390421875 0.4959863078125 0.13582815937499998 0.48487015624999996 0.10734740000000001 0.5021619109375 0.2511406109375 0.5293347640625
1 0.0983168875 0.6219693656249999 0.06358425 0.647907053125 0.25183528437499997 0.6874311125 0.282400003125 0.6454367234375 0.0983168875 0.6219693656249999
1 0.5713757078125 0.7454820921875001 0.5936046515625 0.6973120984375 0.3712843640625 0.6692509609374999 0.3414455453125 0.7108985828125001 0.5713757078125 0.7454820921875001
1 0.3011556390625 0.7640090125000001 0.260865734375 0.8171195546875 0.5227500265625 0.8603489968750001 0.5456735828125 0.798592634375 0.3011556390625 0.7640090125000001
1 0.832565390625 0.8430572421875 0.553314746875 0.8047682375 0.52900190625 0.8628193281250001 0.828397471875 0.9159297578125001 0.832565390625 0.8430572421875
1 0.655428828125 0.5429211359375 0.6463982515625 0.5676236578125 0.83464935 0.5947965125 0.8339546125 0.5589778375 0.655428828125 0.5429211359375
1 0.6755736859375 0.5021619109375 0.6679325859375 0.52562938125 0.8277027328125 0.545391353125 0.8353439609375 0.5169834468750001 0.6755736859375 0.5021619109375
0 0.533169825 0.482399825 0.5171927593750001 0.5120428968749999 0.6644592765625 0.5243942140625 0.6714057671875 0.49104575781250004 0.533169825 0.482399825
1 0.1837592296875 0.552802121875 0.1538891859375 0.59232629375 0.32824711406249996 0.5997370609375 0.346308075 0.5762695921875001 0.1837592296875 0.552802121875