0 0.638138025 0.7945904625 0.324899490625 0.78450755 0.2839221828125 0.8556488390625001 0.6301987515625 0.8774428578125001 0.6340266921875 0.8770296171874999 0.6389432453125 0.7977504921875 0.638138025 0.7945904625
0 1 0.8096636203124999 0.9901141671874999 0.7929298046875 0.6414865484375001 0.852186596875 0.6587017984375 0.936788678125 0.7173837421875 0.9304537265624999 1 0.8909874296875 1 0.8096636203124999
0 0.9338274140625 0.5667686015625 0.9236464625 0.5441602375000001 0.6853103093749999 0.5833867703125 0.6873454546875 0.6167805390625001 0.732358678125 0.61192118125 0.9387548234375 0.58610584375 0.9338274140625 0.5667686015625
1 0.6514436796874999 0.6205316953125 0.4035028734375 0.6617128109375 0.39391008437499997 0.7204844109375 0.4641525671875 0.712901453125 0.65805321875 0.6892130921875 0.6533482046875 0.628005859375 0.6514436796874999 0.6205316953125
1 0.6909799453125001 0.5738752468749999 0.4678387328125 0.537855290625 0.44500776249999996 0.5846690109375 0.6633760828125 0.6097646140624999 0.671451596875 0.60889283125 0.6910207453125 0.5740353625 0.6909799453125001 0.5738752468749999
1 0.28838193749999996 0.47387569375 0.125248784375 0.4692759546875 0.08799098125 0.4930560953125 0.26602951875 0.5006041359375 0.2770048375 0.49941930625 0.2888163140625 0.475580375 0.28838193749999996 0.47387569375
1 0.3621620421875 0.524913240625 0.2154823515625 0.5543745578125 0.1823625109375 0.5992691156250001 0.1931693203125 0.5981024781250001 0.3478457484375 0.5618129578125 0.36217938437499997 0.524981303125 0.3621620421875 0.524913240625
0 0.2818850296875 0.6379615046875 0.082393625 0.610643640625 0.0667844125 0.630937559375 0.11616134687499999 0.6567447125 0.2607758421875 0.68031546875 0.28212367656250004 0.6388980609375 0.2818850296875 0.6379615046875
0 0.107597715625 0.7661712203125 0.1130906375 0.8133726359375 0.12019828749999999 0.841266071875 0.12095347812499999 0.8411845437500001 0.1719312515625 0.7752034640625001 0.1717270203125 0.7744019671875 0.107597715625 0.7661712203125
0 0.7289453546875 0.396972246875 0.726205646875 0.3639100796875 0.5883925156250001 0.38413025156249997 0.585646153125 0.4212838453125 0.58763871875 0.421068740625 0.7289453546875 0.396972246875
0 0.92027178125 0.507454975 0.7021381375 0.4492372234375 0.6892993656249999 0.4904762296875 0.912154259375 0.5476951328124999 0.9168977953124999 0.5471830484375 0.9208225859375 0.5096165703125 0.92027178125 0.507454975
0 0.5137294734375 0.4738639359375 0.512280534375 0.4740203546875 0.496887684375 0.4942142515625 0.68864961875 0.5302081281250001 0.6909035171875 0.5299648109375 0.7044335484375 0.4860149640625 0.7033415390625 0.4817294578125 0.5137294734375 0.4738639359375
1 0.9080601484375 0.44730021875 0.9056885640625 0.43799310625 0.8914675609374999 0.41146452968749997 0.719492825 0.432639103125 0.717591503125 0.4605332 0.8937998390624999 0.44883967656249996 0.9080601484375 0.44730021875
1 0.318013590625 0.42616706875 0.3140101859375 0.4265992515625 0.2984247703125 0.44250672656249995 0.4408352578125 0.45132203281249994 0.45082784218749994 0.45024329218750003 0.466216334375 0.4256748234375 0.4657579171875 0.42387579375 0.318013590625 0.42616706875
0 0.317351009375 0.44078914999999996 0.22082385000000002 0.41069218906250005 0.174243334375 0.43195763437499995 0.2954281984375 0.46221755 0.2998148484375 0.46174399218750006 0.31739599375 0.44096568437499994 0.317351009375 0.44078914999999996