0 0.613631309375 1 0.35893863593750003 0.7812289421874999 0.315550575 0.8548920578124999 0.47898368593749996 1 0.613631309375 1
0 0.0921005234375 0.544276903125 0.01897390625 0.591974128125 0.3178469859375 0.8474612890625 0.3667818875 0.770887765625 0.3668643921875 0.7699437734375 0.0921005234375 0.544276903125
0 0.5110850953125 0.5807575484374999 0.48914461718749996 0.6171985703125 0.7268917140625 0.760860496875 0.7274521171874999 0.76087681875 0.7313459328125 0.716324990625 0.5122668796875 0.5807919703125 0.5110850953125 0.5807575484374999
0 0.7607683140625 0.630262825 0.76128893125 0.6243060875 0.571503365625 0.512418778125 0.5567673375 0.548074746875 0.5565749062500001 0.55027648125 0.75081711875 0.6644702687499999 0.75254058125 0.664520465625 0.7607683140625 0.630262825
0 0.5985682640625 0.48119517968750003 0.3919996640625 0.393582659375 0.37413306562500004 0.406078509375 0.5630049640625 0.50397375625 0.5683510218750001 0.50412946875 0.5985682640625 0.48119517968750003
0 0.6549241968749999 0.427313009375 0.5363471421875 0.3285951171875 0.511250575 0.3451937515625 0.63937685625 0.4435613796875 0.6408681578125 0.443604815625 0.65491246875 0.4274472109375 0.6549241968749999 0.427313009375
0 0.2920114453125 0.15870670625 0.14392964375 0.096250978125 0.11562410781250002 0.10610335156249999 0.2642009625 0.1852182546875 0.266575428125 0.1852874140625 0.29190843437499997 0.1598853328125 0.2920114453125 0.15870670625
1 0.47784878124999997 0.6098046703125 0.22143855937499998 0.49060803125 0.1807518890625 0.5285488593750001 0.44537930000000003 0.6649694078125 0.448413746875 0.6650577906249999 0.47762237812499997 0.612395109375 0.47784878124999997 0.6098046703125
1 0.7050252171875 0.8761017437499999 0.7064276406250001 0.876142590625 0.706504075 0.8752680671874999 0.70819189375 0.8092607218750001 0.43878274531250006 0.6710777640625001 0.43823598906249994 0.6709389531250001 0.40875389999999995 0.7228496890625 0.7050252171875 0.8761017437499999
1 0.508376734375 0.582687140625 0.37048733125 0.3942492890625 0.3285507484375 0.4136007609375 0.46569599375 0.6232813 0.46878321874999995 0.6233712203125 0.508204375 0.5846592312500001 0.508376734375 0.582687140625
1 0 0.9829609390625 0.0101659234375 0.992097925 0.0859954625 0.9943065859375 0.20951553281250002 0.9901249265625 0.225029134375 0.9787936421874999 0.22512014218749998 0.9777523671875 0 0.7794211296875 0 0.9829609390625
1 0 0.295350859375 0.07279937656249999 0.3921289046875 0.1301769390625 0.381599221875 0.13022398125 0.3810609859375 0.009497328125 0.2301189671875 0 0.2558848359375 0 0.295350859375
1 0.2564487609375 0.3329229 0.0936966390625 0.20404709687499997 0.0584721234375 0.20921024687499998 0.21893789687499998 0.3624148734375 0.21895949531249997 0.3624155015625 0.25628264375 0.3348235609375 0.2564487609375 0.3329229
1 0.353772553125 0.2753885375 0.35386798124999996 0.2742966765625 0.1843405890625 0.2114134078125 0.153093965625 0.22678091875 0.15306097031250002 0.2271584359375 0.322664503125 0.3059310890625 0.3236815703125 0.3059607125 0.353772553125 0.2753885375
1 0.40286609218749997 0.28642903125 0.288992196875 0.1764317859375 0.26623754375 0.1944906171875 0.3711760515625 0.299514465625 0.377728109375 0.2997053046875 0.4026575734375 0.2888148265625 0.40286609218749997 0.28642903125
1 0.18432544687500002 0.20951240000000002 0.184362065625 0.20909340781250002 0.07591767031249999 0.063705865625 0.0417400421875 0.063624784375 0.148220259375 0.208441775 0.1489526140625 0.2084821078125 0.18432544687500002 0.20951240000000002
1 0 0.16036996875 0.0394930484375 0.2193872046875 0.043264453125000005 0.21949705156250002 0.0856158171875 0.21130885312499997 0.0857077765625 0.21025666250000002 0.013481153125 0.10744917968750001 0.012827909374999998 0.10743015468749999 0 0.1461798234375 0 0.16036996875
1 0.7840891203125 0.5424188187500001 0.6604479734375001 0.423088740625 0.6434693421875 0.4383734828125 0.7746678234375 0.5680778640625 0.776421215625 0.568128934375 0.7838319484375 0.54536130625 0.7840891203125 0.5424188187500001