0 0.8650220390625 0.76594359375 0.4936197796875 0.7287658593749999 0.46789695625 0.8168196046875 0.877158946875 0.8647675546875 0.8782675796875001 0.859731703125 0.8650220390625 0.76594359375
0 0.51787000625 0.7173004109375001 0.2453770765625 0.5681308515625 0.1646358671875 0.6173771921875 0.4449785171875 0.783902428125 0.44980998281250006 0.7851285171875 0.517695146875 0.7180946953125 0.51787000625 0.7173004109375001
0 0.9079258296875 0.5639049609375 0.6716647499999999 0.4748555078125 0.6421955625 0.5077019859375 0.8930236546874999 0.62060528125 0.8953153421875 0.6211868453125 0.9079258296875 0.5639049609375
0 0.9263203656250001 0.5023187765625 0.73030975 0.401585803125 0.7283692609375 0.4010933625 0.6994244125 0.43422652656249994 0.696531675 0.43556982343749995 0.8942399921874999 0.534452034375 0.8982356015624999 0.5354660078125 0.9254861999999999 0.50610789375 0.9263203656250001 0.5023187765625
0 0.7174179390625001 0.396717915625 0.5187756890624999 0.3900747828125 0.5011763578124999 0.420293246875 0.5070626875 0.42178703281249996 0.700549521875 0.44023954062500004 0.716417528125 0.401262178125 0.7174179390625001 0.396717915625
0 0.776583746875 0.364241259375 0.7892243015625 0.3163103328125 0.6481522671875 0.31054971875000004 0.6254295 0.33654263281249996 0.63563801875 0.3391332671875 0.776583746875 0.364241259375
0 0.24233378125 0.238187553125 0.2164032140625 0.26425675625 0.368650525 0.2846450625 0.3993510953125 0.2597258765625 0.3995084875 0.2590109375 0.24233378125 0.238187553125
0 0.24937083124999998 0.413736603125 0.045867984375 0.3954536375 0.0041322890625 0.42224920781249997 0.0128269203125 0.4244556609375 0.20145400468750002 0.45472416562499995 0.24913935468749998 0.4147880625 0.24937083124999998 0.413736603125
1 0.4593766375 0.42295126875 0.41561260000000005 0.45616870781249996 0.6430390890625 0.51064529375 0.6731266375 0.4807379125 0.6736677546875 0.47827994531250007 0.4593766375 0.42295126875
1 0.6047934328125 0.55679705625 0.35705105625 0.48127520781250005 0.31692990781249997 0.5267834812500001 0.53244266875 0.5931458593750001 0.5752301046875 0.6040041046875 0.604730584375 0.5570825312500001 0.6047934328125 0.55679705625
1 0.8860401625 0.6852875703125 0.8845725765625 0.6165772703125 0.6039188921875 0.595242546875 0.5797776640625 0.6403833734375 0.5907173765625 0.6431595640625 0.8843445937500001 0.6929895234375001 0.8860401625 0.6852875703125
1 0 0.8362053796875 0.2391207453125 0.9782381125 0.29456271875 0.992307721875 0.3699023015625 0.9207536921875 0.3703584109375 0.9186818640625001 0.0492220296875 0.7204607296875001 0 0.7446849671875 0 0.8362053796875
1 0.6344242906249999 1 0.3853721671875 0.8978960203125 0.3120790671875 0.9967528781249999 0.3248745078125 1 0.6344242906249999 1
1 0.3596482546875 0.4107798546875 0.196101259375 0.32396889687499997 0.1419499203125 0.332768271875 0.314695640625 0.42740868593750003 0.31658107968750004 0.42788715625 0.3594663453125 0.41160616406250006 0.3596482546875 0.4107798546875
1 0.3017145671875 0.28321355000000004 0.2996762421875 0.28269628125 0.2599438140625 0.3093569390625 0.39831063125 0.3765762140625 0.40136183125 0.377350521875 0.4383754390625 0.3607376078125 0.43846912031249996 0.3603120734375 0.3017145671875 0.28321355000000004