0 0.822609596875 0.9224763078124999 0.4859339171875 0.7876792203125 0.47200485781249996 0.8696658765624999 0.679716053125 0.95653706875 0.6928119796875001 0.9543008671875001 0.822609596875 0.9224763078124999
0 0.2074184296875 0.56483443125 0.20674636406250002 0.5649491890625 0.13470950312500002 0.60778366875 0.435507115625 0.8821375921874999 0.43700293125 0.8818821734375 0.48422107812500004 0.8094878515625 0.48392764374999997 0.8079260671874999 0.2074184296875 0.56483443125
0 0.8431576062499999 0.6308430328125 0.5863836953125 0.55508746875 0.5767801515625 0.595871271875 0.85225015625 0.6742010578125 0.8475115109375 0.648980059375 0.8431576062499999 0.6308430328125
0 0.8373872734375001 0.5697630375 0.6467149531249999 0.44569530625000003 0.6316585156250001 0.482298653125 0.8282689234375 0.6099091515625 0.8293828218750001 0.609718946875 0.837943678125 0.5727244453125 0.8373872734375001 0.5697630375
0 0.6456595109375 0.42747549375 0.41926548124999996 0.3990920109375 0.4063310109375 0.41567783281250004 0.6222758484375001 0.45900630937500003 0.62506935625 0.4585293015625 0.6459930796875 0.42925088437500003 0.6456595109375 0.42747549375
0 0.6902351015625 0.360744503125 0.5393297234375 0.308727240625 0.5224700671875 0.332381125 0.681078365625 0.38057806250000004 0.6837866265625 0.3801156109375 0.6902876171875 0.36102401875 0.6902351015625 0.360744503125
0 0.26021044843749996 0.1829533953125 0.098585959375 0.1515000125 0.073592084375 0.166611609375 0.2402112171875 0.21411712968750002 0.24255039374999998 0.21371769999999998 0.2604289203125 0.18411619375 0.26021044843749996 0.1829533953125
1 0.554628375 0.635370596875 0.3094879953125 0.4778428078125 0.266276853125 0.5095679343749999 0.5196223484375 0.686468346875 0.5212168765625 0.686196071875 0.554923909375 0.636943546875 0.554628375 0.635370596875
1 0.8279905875000001 0.85169814375 0.834814284375 0.784627228125 0.57819244375 0.6061773171875 0.5776609078125 0.605956459375 0.5444995328125 0.653307365625 0.827868453125 0.8517189999999999 0.8279905875000001 0.85169814375
1 0.5971627749999999 0.5071121546875 0.367479259375 0.4312933265625 0.3446946921875 0.46988452187499996 0.5876217734375 0.5635287578125 0.5887501953125 0.5633360734374999 0.597696703125 0.509953934375 0.5971627749999999 0.5071121546875
1 0.1017416453125 0.943859071875 0.10705181562499999 0.9721219671875 0.136383090625 0.9973868734375 0.3561164859375 0.9909932843749999 0.094234240625 0.7695850640625 0.1017416453125 0.943859071875
1 0.1645967875 0.42556574375 0.164331228125 0.4241523265625 0.015115276562499998 0.324531046875 0.0178118390625 0.3824273296875 0.113764984375 0.450390096875 0.1645967875 0.42556574375
1 0.272629778125 0.3588248421875 0.078683940625 0.265865921875 0.0456587703125 0.2777910453125 0.2439578546875 0.39478346875 0.24397913125 0.3947798359375 0.2729820875 0.360699975 0.272629778125 0.3588248421875
1 0.174409321875 0.2444380234375 0.172995171875 0.24467949843749998 0.1442480078125 0.2615761515625 0.32416285 0.330195078125 0.3256175625 0.3299466765625 0.3515794203125 0.2977246390625 0.35144889375 0.29702991875 0.174409321875 0.2444380234375
1 0.409481146875 0.2597012671875 0.24968663281249998 0.2226032921875 0.24007867031250002 0.24898051875 0.39173291093749996 0.286849021875 0.3921948296875 0.2867701484375 0.40995269375000004 0.2622110359375 0.409481146875 0.2597012671875
1 0.1609937125 0.2610424515625 0.163740375 0.26057344531250004 0.1634727171875 0.25914885781249997 0.02702416875 0.1301647765625 0.0061852984375 0.1328008265625 0.0068725390624999995 0.14755616875 0.127935075 0.26346559375 0.1609937125 0.2610424515625
1 0.048327028125 0.2850521328125 0.0806050859375 0.2571764296875 0.080559246875 0.256932446875 0.010566015625 0.2268566078125 0.01268018125 0.272248584375 0.042867009375 0.2859844609375 0.048327028125 0.2850521328125
1 0.8451273609375001 0.4589687171875 0.6936573 0.36501048125 0.6808846390625 0.38293747499999997 0.8416504687499999 0.485163040625 0.844276409375 0.484714646875 0.8457106046874999 0.46207298437500005 0.8451273609375001 0.4589687171875