0 0.2233544609375 0.7146039671875 0.1607638671875 0.7765432078125001 0.5026050421875 0.8529382296874999 0.533169825 0.7738901125 0.2233544609375 0.7146039671875
0 0.893694828125 0.8442924078124999 0.5347222015625 0.7765432078125001 0.5095515953125 0.85911394375 0.90064131875 0.944337778125 0.893694828125 0.8442924078124999
0 0.636673128125 0.5429211359375 0.6248640453125 0.5750344265625 0.8860536015625 0.6120882671875 0.8846643796875 0.5688588234374999 0.636673128125 0.5429211359375
1 0.3379722375 0.586150578125 0.302430534375 0.63765431875 0.5713757078125 0.6861959468750001 0.596383221875 0.6219693656249999 0.3379722375 0.586150578125
1 0.42133062031249996 0.5071024609375 0.39201386718750003 0.5543209859375 0.6158335328125 0.5762695921875001 0.641535721875 0.5392157515625 0.42133062031249996 0.5071024609375
1 0.10040084687499999 0.3910003890625 0.056637696875 0.40952730937500004 0.242804771875 0.440405490625 0.2636443671875 0.4157029125 0.10040084687499999 0.3910003890625
1 0.17403410625 0.47128367187500003 0.1184618734375 0.4996916921875 0.2949037609375 0.52562938125 0.32685782812499997 0.4984565265625 0.17403410625 0.47128367187500003
0 0.2150186234375 0.5713290421874999 0.020515742187499998 0.5268644328125001 0 0.545391353125 0.043439296875 0.5750344265625 0.18306461875 0.6108532140625 0.2150186234375 0.5713290421874999
0 0.0013888671875 0.6839506140625 0 0.7640090125000001 0.065668209375 0.691136496875 0.0013888671875 0.6839506140625
0 0.59013134375 0.3453006140625 0.571180534375 0.378395059375 0.7200315749999999 0.39841115781249997 0.73184059375 0.36753291875 0.59013134375 0.3453006140625
0 0.6734897265625001 0.4539919171875 0.658680534375 0.49691357812500003 0.8839696421875001 0.5318049828125 0.8902215203124999 0.48981059218749995 0.6734897265625001 0.4539919171875
0 0.4831547953125 0.44905136875 0.4650937703125 0.4700485625 0.6561234390624999 0.4996916921875 0.676963034375 0.450286534375 0.4831547953125 0.44905136875
1 0.7075278171875 0.40952730937500004 0.6957186703125 0.43546499843750003 0.8909162578125001 0.46387290468750003 0.8846643796875 0.42558395468750004 0.7075278171875 0.40952730937500004
1 0.300460965625 0.371238303125 0.280555534375 0.3858024671875 0.4303611328125 0.40829214374999995 0.45467397187499997 0.38235445625 0.300460965625 0.371238303125
0 0.20529350000000002 0.3490059984375 0.1580571046875 0.376178853125 0.2817053296875 0.3922354984375 0.3011556390625 0.36753291875 0.20529350000000002 0.3490059984375