0 0.8441225640625 0.7239052828125 0.8182452953125001 0.6371045109375 0.45805053124999995 0.60499309375 0.44193221875 0.670361571875 0.4618444609375 0.674640903125 0.8436983124999999 0.7283721921875 0.8441225640625 0.7239052828125
0 0.468099684375 0.6002467140625 0.46830999999999995 0.598032328125 0.160651609375 0.48007716250000004 0.1596223953125 0.48004272812500004 0.08652934531249999 0.5259133406250001 0.421587309375 0.6706754421875 0.4271545671875 0.6718718984375001 0.468099684375 0.6002467140625
0 0.8184505812499999 0.425292609375 0.8174642765625 0.40325175468749996 0.5834852984375 0.3754771265625 0.5656908656249999 0.4189114640625 0.5681019187499999 0.4194296234375 0.8163540625 0.4473666890625 0.8184505812499999 0.425292609375
0 0.624255934375 0.2779717546875 0.4296356671875 0.29200810312500003 0.410436446875 0.3090047734375 0.4153713265625 0.310065325 0.6138325250000001 0.322982634375 0.6233042421875 0.287992046875 0.624255934375 0.2779717546875
0 0.8321953296875 0.3475060109375 0.8290507281249999 0.315610921875 0.6298335328125 0.32576996875 0.614465096875 0.3559766015625 0.6254117484374999 0.3583291421875 0.8318114109374999 0.35154823749999997 0.8321953296875 0.3475060109375
0 0.680750490625 0.2185908265625 0.5473787390625 0.188812096875 0.519214225 0.2057680953125 0.6319340609374999 0.234765896875 0.669534146875 0.24284651406250002 0.680376940625 0.2225238890625 0.680750490625 0.2185908265625
0 0.256354440625 0.1859325046875 0.119362475 0.1468044765625 0.09689387656250001 0.1659778109375 0.2047166078125 0.1929387671875 0.2468334078125 0.2019900703125 0.2559466640625 0.19022595625 0.256354440625 0.1859325046875
1 0.515784534375 0.4755976765625 0.5343545484375001 0.4200115234375 0.2758766765625 0.399996909375 0.237536415625 0.4592943359375 0.2379362640625 0.4593802671875 0.515784534375 0.4755976765625
1 0.8220538375 0.5379482703125 0.8244568187500001 0.4922887921875 0.533191190625 0.45307468906250004 0.5200745078125 0.5090800375 0.54060805625 0.5134928921874999 0.8202488906250001 0.5569523953125 0.8220538375 0.5379482703125
1 0.5814610171875 0.3604370578125 0.3662358609375 0.3241584140625 0.3385804015625 0.3509600765625 0.37992024999999996 0.3602428421875 0.5657727734375 0.40018432343750004 0.5814176109375 0.3608941015625 0.5814610171875 0.3604370578125
1 0.2886552296875 0.917029965625 0.35345132343749996 0.7866767125 0.354302746875 0.7777121375 0.0316739703125 0.6800528359375 0.038819857812500004 0.8334779015624999 0.2688336203125 0.9127701140625 0.2886552296875 0.917029965625
1 0.8327654656249999 1 0.8344149765625 0.9934423703125 0.8348301890625001 0.9890706249999999 0.398071465625 0.7491631734374999 0.295938328125 0.8567807171874999 0.2959003 0.857181109375 0.540553303125 1 0.8327654656249999 1
1 0.26354794843749996 0.277519396875 0.06253587656250001 0.265598465625 0.043013089062499996 0.30189683437500003 0.049314671875 0.3032511046875 0.2291256453125 0.30942128750000003 0.2635185390625 0.27782903281250004 0.26354794843749996 0.277519396875
1 0.1497789453125 0.3542946734375 0.0362601734375 0.3239020765625 0.034720428125 0.3557962984375 0.107066915625 0.3922036453125 0.1089900765625 0.3926169515625 0.1494907859375 0.357328665625 0.1497789453125 0.3542946734375
1 0.3371968046875 0.23831431875 0.1635804609375 0.2245165859375 0.153403296875 0.2615762046875 0.16154048125 0.2633249625 0.3244003078125 0.2634702828125 0.33688313281250004 0.24161695625 0.3371968046875 0.23831431875
1 0.41187202031250003 0.22176812968749998 0.27606068281249996 0.1668661796875 0.2515065171875 0.1794312109375 0.3716018421875 0.2413004921875 0.37770060625 0.242611175 0.4117371 0.22318870156249998 0.41187202031250003 0.22176812968749998