0 0.83342878125 0.52090749375 0.8333320328125 0.5200919140625 0.796648096875 0.44212703593749997 0.44088146874999995 0.5349862359374999 0.43297371093750003 0.6062776578125 0.6867757203125 0.5533831890625 0.83342878125 0.52090749375
0 0.42867471874999996 0.5335122296875 0.4217531296875 0.47516447343749996 0.1215348046875 0.6113755921874999 0.1207334984375 0.6121090734375 0.0917165609375 0.6992840140625 0.10226503125 0.6969481 0.43191267812499995 0.5638164156250001 0.42867471874999996 0.5335122296875
0 0.748046496875 0.24433483125 0.517319728125 0.241059496875 0.49396075625 0.2869595828125 0.7398381515625 0.2889073390625 0.7461319171875 0.2875136109375 0.7489055328124999 0.2515763546875 0.748046496875 0.24433483125
0 0.5393745734375 0.19085747343749998 0.344465459375 0.24226871249999998 0.3238108859375 0.2639007078125 0.517266775 0.239302275 0.52841938125 0.23683257656249998 0.540062746875 0.196658634375 0.5393745734375 0.19085747343749998
0 0.7435312093750001 0.15255240781249998 0.73611825 0.1229177953125 0.5438223984375 0.20494395468749999 0.5324393093750001 0.2422212734375 0.537309215625 0.24114285156249998 0.7440557453125 0.15697415312500002 0.7435312093750001 0.15255240781249998
0 0.564856146875 0.0699165921875 0.4375674421875 0.127453890625 0.42129477812499994 0.1585228703125 0.42570899375 0.1575453609375 0.564759034375 0.0998727796875 0.5654103359375 0.07458831406250001 0.564856146875 0.0699165921875
0 0.1643109234375 0.2409021859375 0.023210171874999998 0.25240396875000004 0.0040434421875 0.2792867296875 0.1525039140625 0.26199770624999996 0.1542116703125 0.2616195296875 0.1643109234375 0.2409021859375
1 0.2256530890625 0.4146895171875 0.1917124515625 0.4824946984375 0.46794871093749996 0.42132335468750004 0.4820941859375 0.3660561765625 0.48172256718749995 0.362923484375 0.2256530890625 0.4146895171875
1 0.7760727562499999 0.3198191921875 0.48515215625 0.34159186406250003 0.47074074218749995 0.401824203125 0.7709376390625 0.38562220625 0.7715297203125 0.3854910921875 0.7760727562499999 0.3198191921875
1 0.500797975 0.2551289859375 0.29365346406250004 0.329611046875 0.2762883046875 0.368012634375 0.28095436406249996 0.3669793546875 0.49937700312500005 0.3012644453125 0.5017959921874999 0.2635420828125 0.500797975 0.2551289859375
1 0.36229963125000003 0.739482946875 0.36154258281249996 0.7331011640625 0.024576507812500002 0.8442138437500001 0.0303361328125 0.892766453125 0.0595448078125 0.9826795578124999 0.074180365625 0.979438575 0.3568080984375 0.8981682031249999 0.36229963125000003 0.739482946875
1 0.8973576359375001 0.8583686703125 0.8951908281250001 0.8401028671875 0.8630190750000001 0.6970242375 0.3879341046875 0.7695947375000001 0.34901446875 0.9268857265625 0.8914104609375 0.8596856468749999 0.8973576359375001 0.8583686703125
1 0 0.41289077343749997 0.1312877984375 0.3875645953125 0.160368690625 0.38112475468749996 0.19270973281249998 0.3439681125 0.192541546875 0.342550334375 0 0.374865453125 0 0.41289077343749997
1 0 0.4891447984375 0.05780573906249999 0.4995899875 0.061053235937500006 0.4988708421875 0.0972083796875 0.45213786875000006 0.096826821875 0.4489214046875 0 0.4534477203125 0 0.4891447984375
1 0.2463611078125 0.24561618749999997 0.081028540625 0.317988409375 0.0818647265625 0.357696325 0.0877186109375 0.356400009375 0.240844275 0.27566509375 0.24662558125 0.247845653125 0.2463611078125 0.24561618749999997
1 0.1727364296875 0.22367516875 0.1571102265625 0.24979604531250002 0.290645784375 0.2278118703125 0.312751953125 0.18750652968749998 0.3126338703125 0.18651111250000002 0.1727364296875 0.22367516875