0 0.7681653296875 0.8044877328125001 0.5498263796875 0.6232341421875 0.5294794640625 0.6565901281250001 0.753141828125 0.8430292171874999 0.7567046046875 0.8442012078125 0.7655988125000001 0.8153123593749999 0.7681653296875 0.8044877328125001
0 0.77932975625 0.7643264328125 0.66227780625 0.5481026546875001 0.6215842953124999 0.5741860625 0.7557544515625 0.7911204328125 0.7565557484375 0.7913840234375 0.7780831796875 0.7695840359375 0.77932975625 0.7643264328125
0 0.6402360109375 0.5475351828125 0.6404185906250001 0.5467651296875 0.49772830625 0.382317471875 0.4685813421875 0.3918859671875 0.46847840625000003 0.39232011718750004 0.6080211390625 0.57462408125 0.6089260984375 0.5749217703125 0.6402360109375 0.5475351828125
0 0.18970924375 0.443414821875 0.189112490625 0.44321851875 0.098923075 0.45664120312499995 0.3055875578125 0.807736996875 0.3064095171875 0.8080073828125001 0.3717185609375 0.7657869609375 0.3720522046875 0.7643797734375 0.18970924375 0.443414821875
0 0.5602180734375 1 0.38997107343750004 0.7693172875000001 0.33297772187499997 0.8053706828125 0.45530083125000004 1 0.5602180734375 1
0 0.391630303125 0.16926843281249998 0.30418833125 0.023883709375 0.286124884375 0.0241230390625 0.3622827703125 0.17238102187499998 0.3629325296875 0.17259476406250002 0.391358759375 0.1704137140625 0.391630303125 0.16926843281249998
0 0.7319419984375 0.500136025 0.6176901375 0.3738658125 0.589225228125 0.39231218437500004 0.7105157140625 0.5171949875 0.7149330234375 0.518648078125 0.731817609375 0.5006606515625001 0.7319419984375 0.500136025
1 0.4025980015625 0.40790901249999995 0.36345052031249997 0.43391002500000003 0.5691788984375 0.6162140218750001 0.5700545421875 0.61650206875 0.5927620078125 0.581290334375 0.4034343546875 0.408184134375 0.4025980015625 0.40790901249999995
1 0.344522246875 0.41028469687499997 0.288294021875 0.41427306562500005 0.43766636875 0.700391115625 0.48590122031250005 0.672072709375 0.4861311953125 0.6711027578125 0.344522246875 0.41028469687499997
1 0.719478903125 0.912862690625 0.4946265296875 0.6666413890625 0.45440835 0.7048962203125 0.6941930453125 0.9723482062500001 0.6963567140625 0.9730599546875001 0.717575984375 0.9208885062500001 0.719478903125 0.912862690625
1 0.1777256109375 0.9319761265625001 0.17796118125 0.9319232 0.1782286671875 0.9307950390625 0.0293503796875 0.545974975 0.019761232812499998 0.565887646875 0.030683821875 0.8786696921875 0.050860290625000006 0.8902432609375 0.1777256109375 0.9319761265625001
1 0.2415572359375 0.282757753125 0.0940349640625 0.11005779062500001 0.0807890234375 0.172809790625 0.186735340625 0.2969241875 0.188551834375 0.2975217296875 0.24132365781249998 0.2837429 0.2415572359375 0.282757753125
1 0.336196015625 0.30610341874999997 0.336333996875 0.305521465625 0.22194390312499998 0.1117267078125 0.1952674015625 0.09834806562500001 0.1943316921875 0.0980402609375 0.2933678875 0.30801584375 0.29428187499999997 0.30831650312500003 0.336196015625 0.30610341874999997
1 0.44329384374999997 0.2769013578125 0.3027358046875 0.1460657765625 0.2734843515625 0.1505135296875 0.41394783906250004 0.29331385781249997 0.41560770312499995 0.2938598765625 0.4430673609375 0.27785658125 0.44329384374999997 0.2769013578125
1 0.8505626875000001 0.647889803125 0.720090346875 0.5107622390625 0.7095154484374999 0.5216151203125 0.8445341375 0.676325215625 0.8491870703125001 0.6567008453125001 0.8505626875000001 0.647889803125