0 0.332450490625 0.8865629625 0.3325093046875 0.8851195828125 0.0940535625 0.64167824375 0.0081470890625 0.6816073671875 0.0081053265625 0.682632296875 0.2657109234375 0.94801950625 0.2676640953125 0.9479967796875 0.332450490625 0.8865629625
0 0.7063710640624999 0.7553772015625 0.500668571875 0.617943109375 0.4769255109375 0.651300378125 0.6946712421875 0.8009080171875 0.6982293765625001 0.8008666140624999 0.7060950375 0.762151384375 0.7063710640624999 0.7553772015625
0 0.5602686968749999 0.532287596875 0.5601473296874999 0.5322890078125 0.53640395 0.5601629453125 0.7022252171875001 0.7227321609375 0.7027676109375001 0.7227258484375 0.721867684375 0.68168941875 0.7220528734375 0.677144571875 0.5602686968749999 0.532287596875
0 0.5566194875 0.5210559734375 0.3446452671875 0.4642218578125 0.3278096578125 0.4883498234375 0.536541528125 0.5591135921875 0.5407153078125 0.5590650265625 0.55657620625 0.5221181703125 0.5566194875 0.5210559734375
0 0.5212668359375 0.6030205859375 0.5211260875 0.6030222249999999 0.4946637984375 0.64311414375 0.673096528125 0.8277089671875 0.6743736671875 0.8276941062500001 0.696026309375 0.77928579375 0.696198415625 0.775061990625 0.5212668359375 0.6030205859375
0 0.3596080921875 0.8481852859375 0.305198103125 0.9030513140625 0.3967518015625 0.9896238609375001 0.4214567859375 0.9930600140625 0.5294089828125 0.9918038765625001 0.3596080921875 0.8481852859375
0 0.2223253171875 0.25466487656250003 0.07801634843750001 0.21527509218750002 0.0599519890625 0.2249800265625 0.20091606718750002 0.28190229843750003 0.20312994843749999 0.28187653749999997 0.22230346562499997 0.2552011421875 0.2223253171875 0.25466487656250003
0 0.6171861390625 0.45279156406250004 0.61722671875 0.45179565000000005 0.4859916703125 0.385865271875 0.459859540625 0.40437468593750003 0.45984891250000004 0.40463552031249994 0.602402003125 0.4896298328125 0.605901034375 0.48958911875 0.6171861390625 0.45279156406250004
1 0.6808893765625 0.8824745390625001 0.45644933906249996 0.684662659375 0.41434420000000005 0.7393889 0.6572163578125 0.946587446875 0.659173 0.9465646796874999 0.6807630078125 0.8855758187499999 0.6808893765625 0.8824745390625001
1 0.45299970156249997 0.687712146875 0.193025809375 0.5737904640625 0.1497742390625 0.619645171875 0.4173823578125 0.7354171625 0.4207940375 0.7353774640624999 0.4529379203125 0.6892283406249999 0.45299970156249997 0.687712146875
1 0.48985168906250004 0.626522528125 0.310349996875 0.485131196875 0.263417953125 0.519620475 0.46578546718749997 0.670821815625 0.46756616875 0.6708010953125 0.48974555156250005 0.6291273187499999 0.48985168906250004 0.626522528125
1 0.5873628234375 0.49479847499999996 0.43496144687499994 0.41409787031249995 0.40579826093750004 0.4411505796875 0.5733989859374999 0.5149554609375 0.5738638734375 0.5149500515625001 0.5872718 0.4970323328125 0.5873628234375 0.49479847499999996
1 0.7531038703124999 0.6050081953124999 0.7533819859374999 0.5981827671875 0.7506064859375 0.5653190953125 0.5826386640625 0.523821909375 0.5632606640625 0.539390578125 0.7516595578125 0.6050250015625 0.7531038703124999 0.6050081953124999
1 0 0.9995258671875 0.0098096609375 0.999411721875 0.093871615625 0.9924606515625 0.09394193749999999 0.99073484375 0 0.9265525109375 0 0.9995258671875
1 0.2083831953125 0.4335954703125 0.024869604687499998 0.318773190625 0.0038836203125000002 0.341952559375 0.17357288437500001 0.4540139734375 0.176323828125 0.45398196406249997 0.2083831953125 0.4335954703125
1 0.359452096875 0.33888105 0.21577340937499997 0.288780325 0.1988782359375 0.3127470234375 0.33767464999999997 0.372454759375 0.3403933859375 0.3724231234375 0.359427 0.339496946875 0.359452096875 0.33888105
1 0.2895228390625 0.368622090625 0.1290706765625 0.3069216265625 0.08947757656250001 0.3235454484375 0.268390984375 0.39824909375 0.2698087328125 0.398232596875 0.289437440625 0.3707178859375 0.2895228390625 0.368622090625
1 0 0.24278635781250002 0.09305121875 0.318778421875 0.13456665 0.30035948125 0.1345780140625 0.3000806 0.00805573125 0.198598525 0 0.2192062671875 0 0.24278635781250002
1 0 0.478923321875 0.029190348437500003 0.5083570515625 0.0954792 0.48120475156250003 0 0.40012291875 0 0.478923321875
1 0.7538731046875 0.5478015218750001 0.617667246875 0.4588173015625 0.6025618078125 0.47926112656250003 0.7497694625 0.567564775 0.753069378125 0.5675263765625 0.7538731046875 0.5478015218750001