0 0.786423990625 0.630586590625 0.7848845890625 0.6015528125 0.52762531875 0.5454953015624999 0.5192968515625 0.5859605796875 0.5193136984375 0.58627829375 0.78450231875 0.6447164421875 0.7867678515625001 0.6443483999999999 0.786423990625 0.630586590625
0 0.58579608125 0.44956815 0.58471978125 0.44974299687499997 0.56886471875 0.4988538671875 0.795284665625 0.5635205578125 0.7969458953124999 0.5632506875 0.8002859765625001 0.5353505171874999 0.7998227828125 0.5266144734375 0.58579608125 0.44956815
0 0.5884020546875 0.4328748765625 0.41913652343749996 0.3354859640625 0.3928948625 0.356787640625 0.5643437859375 0.47330363281250004 0.56632011875 0.472982571875 0.5886323265625 0.43721791093749995 0.5884020546875 0.4328748765625
0 0.42134136718750004 0.7002128265625001 0.1022999734375 0.58041789375 0.0391197953125 0.6546539 0.039170428125000004 0.65560885 0.3934012484375 0.7813699046875 0.42146123125 0.7024735578125 0.42134136718750004 0.7002128265625001
0 0.7349978562499999 0.879321153125 0.396406728125 0.790334134375 0.36907893281250004 0.85823408125 0.5969367859375 0.9400011859375 0.601774546875 0.9392152781249999 0.7351141984375 0.88151541875 0.7349978562499999 0.879321153125
0 0.269683134375 0.16237636718749998 0.1150500234375 0.12502342187499998 0.10205727656250001 0.139115828125 0.24815819218750002 0.1866413125 0.2499387390625 0.186352059375 0.269683134375 0.16237636718749998
0 0.6569444296875 0.35834380625 0.53725435625 0.26335036875 0.5099242125 0.28904688749999996 0.6397157546875001 0.3831727171875 0.6404708234375 0.38305005312499996 0.6570230203125 0.3598260484375 0.6569444296875 0.35834380625
1 0.55515426875 0.489442228125 0.33781639218750004 0.4019345859375 0.3054780140625 0.44306983750000006 0.53872909375 0.53198538125 0.5419786578125 0.53145748125 0.5552830703125 0.491871471875 0.55515426875 0.489442228125
1 0.49155651093749997 0.59778440625 0.264609628125 0.45130918906249995 0.21655845 0.4872467328125 0.45940478125000006 0.6507975171875 0.4613135578125 0.65048743125 0.4916584109375 0.5997062890625 0.49155651093749997 0.59778440625
1 0.77335195625 0.710998234375 0.47743192187499994 0.6248521828125 0.45695372343749996 0.681560625 0.773341115625 0.7773789812499999 0.7756797375 0.7769990671875 0.7741341171875 0.725750178125 0.77335195625 0.710998234375
1 0 0.9293935578125 0.05186034375 0.9939270734375001 0.2467861140625 0.9825739406249999 0.0242114421875 0.711814596875 0 0.8566276234375 0 0.9293935578125
1 0 0.35980075 0.09614825625 0.4091675375 0.10137977499999999 0.4083176625 0.1455281109375 0.3728697609375 0.1454606484375 0.3715973796875 0 0.2969876421875 0 0.35980075
1 0.2475134234375 0.334621796875 0.0733536546875 0.22800259218750002 0.0434425546875 0.2313032234375 0.21034365 0.361019296875 0.21237840000000002 0.360688746875 0.2475894125 0.33605498749999996 0.2475134234375 0.334621796875
1 0.3348851453125 0.2585412359375 0.1606836515625 0.22197032968750002 0.13630282968750002 0.2423584359375 0.31482606875 0.2895252671875 0.31678427343750004 0.2892071515625 0.3349637703125 0.2600241375 0.3348851453125 0.2585412359375
1 0.8238713531249999 0.44516223750000006 0.8237740546874999 0.44332716562499996 0.8187895171875 0.41657761718749997 0.654716325 0.3596742109375 0.6486001171875 0.375007234375 0.822318671875 0.4454144734375 0.8238713531249999 0.44516223750000006