0 0.57276505625 0.5540372875 0.552430534375 0.5895061703125 0.779077053125 0.75659824375 0.7915808109375 0.7146039671875 0.57276505625 0.5540372875
0 0.62555865625 0.48116477187499995 0.5991618562500001 0.5243942140625 0.800611259375 0.6639636421875 0.8131150171874999 0.6293801343750001 0.62555865625 0.48116477187499995
0 0.6213907375 0.473754003125 0.446180534375 0.36172839218749997 0.420636009375 0.381119346875 0.597772571875 0.5120428968749999 0.6213907375 0.473754003125
0 0.42341457968749996 0.7590685765625 0.1552784703125 0.52562938125 0.0760880078125 0.5750344265625 0.375483509375 0.8270005406250001 0.42341457968749996 0.7590685765625
0 0.7193368359375001 0.9974482078125 0.4303611328125 0.7751251640625 0.38520869687500003 0.829470871875 0.57276505625 0.9999185390625 0.7193368359375001 0.9974482078125
0 0.1733394328125 0.08000018125 0.1573624296875 0.0886461140625 0.28101071875 0.1911617015625 0.30671284375 0.175105 0.1733394328125 0.08000018125
0 0.562345259375 0.31071704843750003 0.5380323546875 0.3366547375 0.6804363421875 0.4292893390625 0.695024059375 0.404586759375 0.562345259375 0.31071704843750003
1 0.3810407765625 0.3971759921875 0.34214015625 0.42805422968749995 0.5512307859375001 0.58738574375 0.5734596671875 0.5490967375 0.3810407765625 0.3971759921875
1 0.289930534375 0.4487654296875 0.2414154875 0.478694440625 0.481765446875 0.6750797953125 0.5144141890625 0.6256747500000001 0.289930534375 0.4487654296875
1 0.773519784375 0.8232951578125001 0.5220553531250001 0.626909803125 0.48732271406249994 0.6738447421875 0.7568481078125 0.8887570171875 0.773519784375 0.8232951578125001
1 0.2657283265625 1 0.296293046875 0.97151051875 0.0038440656250000003 0.6973120984375 0.0052333828125 0.9023433875 0.10595808437500001 0.9986833734375 0.2657283265625 1
1 0.17681274062500002 0.3540725734375 0.008011984375 0.2169733640625 0.0038440656250000003 0.28243511250000003 0.1254083625 0.381245428125 0.17681274062500002 0.3540725734375
1 0.11220999375 0.19474106093750002 0.0823398859375 0.19474106093750002 0.249751325 0.3441915875 0.287262596875 0.3219592828125 0.11220999375 0.19474106093750002
1 0.216407971875 0.18238974218749998 0.1879271484375 0.1922707859375 0.340056196875 0.30960796562500004 0.367147671875 0.2873756625 0.216407971875 0.18238974218749998
1 0.6922453625 0.41076241874999997 0.6839095234375 0.4243488453125 0.8429851890625001 0.54168596875 0.8422904499999999 0.51080784375 0.6922453625 0.41076241874999997