0 0.9526167531249999 0.6654251625 0.583220790625 0.6240930234375 0.5544190640625 0.7116700734375 0.9536677812500001 0.76319049375 0.9637249609375 0.761953609375 0.9566201015625 0.6952134671875 0.9526167531249999 0.6654251625
0 0.5680180453125 0.614814725 0.2697777296875 0.6795718859375001 0.241568678125 0.7703550953125 0.2520005546875 0.7690721296875 0.5609759953125 0.7136554171875 0.568367771875 0.6174169843749999 0.5680180453125 0.614814725
0 0.9062978484374999 0.43790370625 0.9024658656250001 0.409390515625 0.8979398 0.3818473609375 0.6468808640625 0.397079621875 0.63298366875 0.43958253437500006 0.8855812671875001 0.4404515390625 0.9062978484374999 0.43790370625
0 0.894145684375 0.324055259375 0.6779272265625 0.300433621875 0.67595915 0.300675665625 0.6604325359375001 0.342446396875 0.6582084296875 0.3447656390625 0.87536920625 0.36602459375 0.87942161875 0.3655262078125 0.8946665578124999 0.32793098593750003 0.894145684375 0.324055259375
0 0.6660697140625 0.3019416296875 0.4776415078125 0.36495179375000003 0.4709830390625 0.39999084687500003 0.4759682234375 0.3993777421875 0.66371696875 0.349331971875 0.6660973343750001 0.3021471515625 0.6660697140625 0.3019416296875
0 0.5708490828125 0.23995265937500002 0.5566463953125 0.2712010234375 0.7078031640625 0.2526109765625 0.7070456390625 0.22030689374999998 0.7048457453125 0.20393782656249998 0.5708490828125 0.23995265937500002
0 0.3289200359375 0.311566140625 0.32886335 0.3111443453125 0.17089451718749998 0.304986296875 0.1472565734375 0.3329919859375 0.1473133890625 0.333414746875 0.2966109734375 0.3394462484375 0.3004225375 0.3389774828125 0.3289200359375 0.311566140625
0 0.24623795624999997 0.5162542546875 0.0429437609375 0.5204930609375 0.0028901078125 0.5525515265625 0.2021424859375 0.5623458421875001 0.20266955156250002 0.5622810203124999 0.24639012500000002 0.5173865046875 0.24623795624999997 0.5162542546875
1 0.645831303125 0.37389848125 0.433997771875 0.43388519218750005 0.412898759375 0.4843939578125 0.4168613921875 0.48390661250000006 0.6339527609375 0.41820115781249995 0.6458974015625001 0.37439030156249997 0.645831303125 0.37389848125
1 0.6155107109375 0.499678778125 0.35933855000000003 0.505232046875 0.334680915625 0.5614891171874999 0.5950667562499999 0.5565935843750001 0.6011269578125 0.5558482703125 0.615616775 0.5004679921874999 0.6155107109375 0.499678778125
1 0.9090922812500001 0.4821227390625 0.6295769453125 0.49670258437500003 0.6100169828124999 0.545585371875 0.9163578703124999 0.558074421875 0.9192518484375001 0.5577185046875 0.9090922812500001 0.4821227390625
1 0.2890301796875 1 0.48719515625 0.9715791265625 0.503372690625 0.8482939671875 0.5033228000000001 0.8479227343750001 0.1342255625 0.8942436765625 0.086392121875 1 0.2890301796875 1
1 0.6050719421874999 1 0.7555248046874999 0.9814965234375 0.994637215625 0.939239290625 0.994896784375 0.894623371875 0.5272595109375 0.9010865156250001 0.5027541890625 1 0.6050719421874999 1
1 0.3375293390625 0.4459048765625 0.15721106406250002 0.420526271875 0.1095002 0.4476970484375 0.3022888265625 0.47749989687500005 0.3033186734375 0.4773732421875 0.337721221875 0.44733265156249996 0.3375293390625 0.4459048765625
1 0.3873086578125 0.3477835640625 0.2337387890625 0.35983366875 0.21575951718750003 0.40457521406249997 0.25308341875 0.399984925 0.367893509375 0.3836509515625 0.3877529875 0.351089753125 0.3873086578125 0.3477835640625