0 0.096927603125 0.6577880406250001 0.0190972015625 0.709876540625 0.32824711406249996 0.934456678125 0.38173538749999997 0.8628193281250001 0.096927603125 0.6577880406250001
0 0.5263888671875 0.6246913562499999 0.5039943906250001 0.6577880406250001 0.7311459828125 0.8121790046875 0.7387872109375 0.765244178125 0.5263888671875 0.6246913562499999
0 0.5679024625 0.5515670687500001 0.5498415015625 0.58244519375 0.7464283109375 0.7183093515625 0.7582374578125 0.6713744109374999 0.5679024625 0.5515670687500001
0 0.37756746875 0.44658115 0.3567278734375 0.4663431796875 0.5498415015625 0.58738574375 0.5734596671875 0.552802121875 0.37756746875 0.44658115
0 0.5220553531250001 0.6293801343750001 0.5067729609375 0.6738447421875 0.7311459828125 0.8146493359375 0.7401764328125 0.7590685765625 0.5220553531250001 0.6293801343750001
0 0.606108409375 0.9986833734375 0.3831247375 0.8665247125000001 0.340056196875 0.9282810765624999 0.4477274828125 1 0.606108409375 0.9986833734375
0 0.0976222453125 0.20104268906249997 0.0781719671875 0.2059832375 0.204598825 0.2986178390625 0.22960634062500002 0.2763855359375 0.0976222453125 0.20104268906249997
0 0.5067729609375 0.38729500625 0.4796814875 0.4033516515625 0.6206961265625 0.504632128125 0.63458916875 0.4663431796875 0.5067729609375 0.38729500625
1 0.46648311875 0.7047228671875 0.4345290515625 0.7640090125000001 0.71447430625 0.9381620625 0.725588715625 0.87146515 0.46648311875 0.7047228671875
1 0.2289117296875 0.5614480562499999 0.1815972015625 0.60061728125 0.43730768593749997 0.7578334109375 0.47551356875 0.7146039671875 0.2289117296875 0.5614480562499999
1 0.3233845203125 0.49475114218750005 0.28031604374999997 0.5318049828125 0.5005210828125 0.6713744109374999 0.51927671875 0.6256747500000001 0.3233845203125 0.49475114218750005
1 0.456063321875 0.414467803125 0.42619321250000003 0.43917038125 0.5915206921875 0.5268644328125001 0.6068030203125 0.5083375125 0.456063321875 0.414467803125
1 0.771435825 0.593561346875 0.6144442484375 0.5157482812499999 0.592909978125 0.5268644328125001 0.76796264375 0.6343205703125 0.771435825 0.593561346875
1 0.0052333828125 0.8998731687499999 0.0031494234375 0.9999185390625 0.134438875 0.9974482078125 0.0052333828125 0.8998731687499999
1 0.0406606953125 0.3168927078125 0.0198211 0.3391250125 0.19140045781249998 0.46016752031249997 0.2247438109375 0.440405490625 0.0406606953125 0.3168927078125
1 0.23516360781249998 0.28230908593750004 0.2157132984375 0.30330628125 0.347697425 0.38729500625 0.37131559062499997 0.3564167671875 0.23516360781249998 0.28230908593750004
1 0.1504158765625 0.299600896875 0.10943136093750001 0.3094819390625 0.278232084375 0.414467803125 0.30254492499999996 0.38853011406250004 0.1504158765625 0.299600896875
1 0.1504158765625 0.294660403125 0.0094013015625 0.2057311875 0 0.2452552453125 0.1115153203125 0.3168927078125 0.1504158765625 0.294660403125
1 0.1170725234375 0.478694440625 0.007317342187500001 0.39964626718749996 0.0045387078125 0.46757828906250004 0.05385909531250001 0.509572678125 0.1170725234375 0.478694440625
1 0.6338944953125 0.4700485625 0.6206961265625 0.49104575781250004 0.7797716640625 0.5750344265625 0.7797716640625 0.5540372875 0.6338944953125 0.4700485625