0 0.419941334375 0.7751251640625 0.38173538749999997 0.8492328453125 0.55539870625 0.9925077703125 0.7012759390625 1 0.419941334375 0.7751251640625
0 0.420636009375 0.7788305484375 0.1420138671875 0.541358021875 0.069836128125 0.586150578125 0.3727049390625 0.8541733953125 0.420636009375 0.7788305484375
0 0.564930534375 0.559876540625 0.5415056625 0.5947965125 0.7742145234375 0.76153879375 0.7797716640625 0.7170741859375 0.564930534375 0.559876540625
0 0.6179174921875 0.49104575781250004 0.6005511421875 0.5268644328125001 0.78949685 0.6639636421875 0.8013059968749999 0.6244395843749999 0.6179174921875 0.49104575781250004
0 0.4275824984375 0.37370857812499997 0.40882686250000005 0.383589621875 0.59013134375 0.51080784375 0.624169371875 0.49104575781250004 0.4275824984375 0.37370857812499997
0 0.55539870625 0.3205980921875 0.5317804765624999 0.337889846875 0.6693218078125 0.4329947234375 0.682520303125 0.4157029125 0.55539870625 0.3205980921875
0 0.15666775625 0.0861757828125 0.12749232187499998 0.0898811671875 0.2615604078125 0.20104268906249997 0.2921251265625 0.18004555 0.15666775625 0.0861757828125
1 0.2768428 0.46757828906250004 0.2316903 0.4972213609375 0.4741242828125 0.6861959468750001 0.5123302296875 0.6367909015625 0.2768428 0.46757828906250004
1 0.7485122703125 0.8961677859374999 0.75962680625 0.829470871875 0.514930534375 0.6395061703125 0.5144141890625 0.6392611203125 0.4782922015625 0.68496089375 0.7485122703125 0.8961677859374999
1 0.3699263046875 0.40829214374999995 0.335888278125 0.43793521562500004 0.5380323546875 0.6009721140625001 0.5651238296875001 0.550331903125 0.3699263046875 0.40829214374999995
1 0.277537409375 1 0.293514475 0.9888023859375 0.0045387078125 0.72572011875 0.0038440656250000003 0.9245756921874999 0.083729171875 0.9986833734375 0.277537409375 1
1 0.1643089828125 0.37370857812499997 0.0087066265625 0.2489606296875 0.0024547484375000003 0.30330628125 0.11012600312500001 0.3947057734375 0.1643089828125 0.37370857812499997
1 0.1024848078125 0.20956259687499998 0.06775216875 0.21573819843750003 0.2414154875 0.36395356093750003 0.277537409375 0.3343104890625 0.1024848078125 0.20956259687499998
1 0.206682784375 0.197211278125 0.1733394328125 0.2058572125 0.3275524390625 0.32072411875 0.3629797515625 0.2960215953125 0.206682784375 0.197211278125
1 0.2928198015625 0.1786843578125 0.2726748796875 0.19844644375 0.3942391453125 0.2960215953125 0.42341457968749996 0.27996489375 0.2928198015625 0.1786843578125
1 0.059416331249999996 0.0798741546875 0.026072978125 0.0872849234375 0.1698661875 0.20338699375 0.206682784375 0.197211278125 0.059416331249999996 0.0798741546875
1 0.1045687671875 0.20462204687500002 0 0.12557387343749998 0.00037078906249999997 0.1762141390625 0.062889575 0.2256192984375 0.1045687671875 0.20462204687500002
1 0.681130953125 0.41829926874999995 0.667237846875 0.4355910234375 0.8235348140625 0.5467525453125 0.8270081234375001 0.519579690625 0.681130953125 0.41829926874999995