0 0.3366811078125 0.89865936875 0.33679016875 0.8972247812499999 0.1076162375 0.6220673156250001 0.020593475 0.650487971875 0.02051603125 0.6515066578125001 0.2680107 0.9511555015625 0.269958321875 0.951393859375 0.3366811078125 0.89865936875
0 0.724736321875 0.79012739375 0.4917487578125 0.6763511515625 0.4752294328125 0.7119791640625001 0.7250208703125 0.8376766968749999 0.7250788765625 0.8369136968750001 0.724736321875 0.79012739375
0 0.7377932734375 0.7317257671874999 0.5657783046875 0.5817647078125 0.543923371875 0.6090749 0.7203604609375 0.776103734375 0.721941546875 0.7762972328125 0.7373271546875 0.7378570140625 0.7377932734375 0.7317257671874999
0 0.572259984375 0.570454596875 0.3683717421875 0.4709985703125 0.3492087203125 0.49150395468749997 0.549453453125 0.6047140390625 0.552036365625 0.6050301453125 0.572259984375 0.570454596875
0 0.721677284375 0.7989170062500001 0.498064503125 0.669230190625 0.48486716875 0.7137558203125 0.7137787906249999 0.853669775 0.7156509234375 0.8538988937499999 0.7210427859374999 0.8072631140625001 0.721677284375 0.7989170062500001
0 0.490978928125 1 0.3724148484375 0.8581054171875 0.3121061921875 0.9003835062500001 0.38718059843749997 1 0.490978928125 1
0 0.24891257968749997 0.2535429421875 0.108150884375 0.192787234375 0.08966685156250001 0.199743359375 0.228262915625 0.27856551406249996 0.2287325625 0.2786229921875 0.24877063124999999 0.255410115625 0.24891257968749997 0.2535429421875
0 0.63790664375 0.49131839062499993 0.4996361046875 0.425974128125 0.4752730640625 0.444800446875 0.62768348125 0.5296469140625 0.6301342953125 0.5299468546874999 0.63790664375 0.49131839062499993
1 0.7031548796875 0.8977619390625 0.4289916765625 0.7446798265625 0.4030472890625 0.8056406140625001 0.6977995953125 0.9645691812500001 0.6980734281250001 0.9646026937500001 0.7031548796875 0.8977619390625
1 0.43627395468749997 0.7676842125000001 0.2511746265625 0.5370240296875 0.1939402171875 0.556662553125 0.386767875 0.7948395781250001 0.38799357031250004 0.794989584375 0.4361589640625 0.7691967859375 0.43627395468749997 0.7676842125000001
1 0.5061800453124999 0.6548712625 0.323901534375 0.49825852499999995 0.2775745765625 0.5289999187500001 0.4822968328125 0.69681068125 0.4844047671875 0.697068659375 0.5060355390625 0.6567720859375 0.5061800453124999 0.6548712625
1 0.46920702031249995 0.4296342484375 0.43474924687499994 0.4457862890625 0.5775322843749999 0.5734571093749999 0.5951311718750001 0.5604499406250001 0.5952911390625 0.5583457609375 0.46920702031249995 0.4296342484375
1 0.7641310156250001 0.674875278125 0.7646969140625 0.667431525 0.7636862671875 0.6351471765625 0.5987198734375 0.5683833421875 0.5786213765625 0.5809918484375001 0.7620620671875 0.6746220703125 0.7641310156250001 0.674875278125
1 0 0.966945528125 0.0275711296875 0.9703198046875 0.10204606093749999 0.9649794953124999 0.102104759375 0.9642073859375 0 0.8971253000000001 0 0.966945528125
1 0.23518916875 0.4133737296875 0.038427840625 0.30308640625 0.0203098625 0.3267506828125 0.20455190625 0.4355415890625 0.20491414843750003 0.435585921875 0.23514612812500002 0.41393989062500003 0.23518916875 0.4133737296875
1 0.38277838124999997 0.35435735625000003 0.2402940609375 0.28753619218750004 0.2230117890625 0.3095527359375 0.3610133125 0.38572307031249997 0.3630608984375 0.3859736625 0.382721665625 0.3551033765625 0.38277838124999997 0.35435735625000003
1 0.31140419218750004 0.383055478125 0.1585507734375 0.28892831874999997 0.1176833109375 0.29738459375000004 0.28722422812500004 0.408041053125 0.287911659375 0.40812518437499995 0.3113626640625 0.3836017515625 0.31140419218750004 0.383055478125
1 0.169161784375 0.268314684375 0.1691842671875 0.268018934375 0.02163253125 0.1840825734375 0.018342635937499997 0.2054015421875 0.016870021875 0.22477212343750003 0.12937240625 0.289974321875 0.13430485781249998 0.2905779765625 0.169161784375 0.268314684375
1 0.11723902187499999 0.45485525000000004 0.009790370312500001 0.3685774953125 0.0054317062499999996 0.43624294218750004 0.051493815624999995 0.4795068984375 0.0572204203125 0.48020774375 0.1171970796875 0.45540695624999994 0.11723902187499999 0.45485525000000004
1 0.7685729953125 0.616446040625 0.6359191984375 0.509313265625 0.62014840625 0.5277248265625001 0.76379204375 0.635648025 0.7670825828125001 0.6360507359375001 0.7685729953125 0.616446040625