0 0.5656470140625001 0.8528482234375 0.563037278125 0.7722726875 0.5623767671875 0.768832684375 0.54609756875 0.7710511390625 0.2545134703125 0.816981228125 0.22151199375 0.8956062265625 0.22168844375000002 0.896525190625 0.5172940453125 0.8594375484375 0.5656470140625001 0.8528482234375
0 0.94988130625 0.8603681484375001 0.590420225 0.777983353125 0.566690896875 0.8596944390625 0.9529515296875 0.9594288546874999 0.9590552578124999 0.9585970671874999 0.9511190609375 0.8668144953124999 0.94988130625 0.8603681484375001
0 0.88798148125 0.5625833578125 0.8727667734375 0.528796425 0.6343186421875 0.588001853125 0.6359688343750001 0.6217536515625001 0.6438072828125 0.6206854609375 0.88930803125 0.569492153125 0.88798148125 0.5625833578125
1 0.601696415625 0.6292802625 0.3452618078125 0.660092809375 0.3273724453125 0.7190859421875 0.5832027937500001 0.69906309375 0.5982462046875 0.6970130453125 0.6020302828124999 0.6310190734375001 0.601696415625 0.6292802625
1 0.42029093125 0.5379991328125 0.4198742828125 0.5380559125000001 0.39145623125 0.5840529625 0.6148411515625 0.6150711906249999 0.615831609375 0.614936215625 0.639596396875 0.5807148734375 0.639234271875 0.5788288859375 0.42029093125 0.5379991328125
1 0.24400282187500003 0.49624135625 0.24377612656249997 0.49506070781249994 0.07980699531249999 0.4780334546875 0.038243925 0.4986203984375 0.038247550000000005 0.4986392796875 0.22224920468749998 0.52036635625 0.2274847359375 0.5196528828125 0.24400282187500003 0.49624135625
1 0.31280443281250003 0.5348289078125 0.16327144531249999 0.5659889 0.1261196609375 0.611553221875 0.13756344375000001 0.6099937140625 0.2958042296875 0.5718859875 0.31292964843750004 0.5354810375 0.31280443281250003 0.5348289078125
0 0.224854384375 0.675260115625 0.22466989375000002 0.6742992765625 0.034546309375 0.6054756 0.01278485625 0.6212774859375 0.054056828125 0.6563229359375 0.1902539109375 0.70958499375 0.191229784375 0.70945200625 0.224854384375 0.675260115625
0 0.0405170265625 0.7834103781249999 0.0438406328125 0.83110935625 0.0489881796875 0.8579182515625 0.0508744734375 0.8576611953125 0.10501142031249999 0.7889628671875 0.10496488906250001 0.7887205328125 0.0405170265625 0.7834103781249999
0 0.6934678671875 0.3775768734375 0.5509814328125 0.369477975 0.5374389890625 0.404381690625 0.67551485 0.4091955328125 0.68806711875 0.407484965625 0.693936321875 0.3800166390625 0.6934678671875 0.3775768734375
0 0.8678818906249999 0.46610123437500006 0.650814 0.47864714375000006 0.6484089375 0.52390089375 0.86668855625 0.509038228125 0.8745528874999999 0.5079665125 0.8716106890624999 0.485521165625 0.8678818906249999 0.46610123437500006
0 0.6548877281250001 0.47179034687500004 0.46561772812499996 0.4827937734375 0.4502479015625 0.5049664046875 0.64147401875 0.5221997671875 0.64363328125 0.5219055125 0.6561730453125 0.478484390625 0.6548877281250001 0.47179034687500004
1 0.85711643125 0.434628925 0.6832418453125 0.3994740765625 0.67008940625 0.42402093750000003 0.8607223640624999 0.4731983046875 0.8634418140625 0.472827709375 0.8621132687499999 0.460652915625 0.85711643125 0.434628925
1 0.273730103125 0.42004298437500004 0.2530865765625 0.432357646875 0.40153246249999996 0.4713469640625 0.42553370937499996 0.44966460625 0.42517907343749994 0.44781763281250003 0.273730103125 0.42004298437500004
0 0.2717289953125 0.4520786375 0.17776765 0.4215061609375 0.1287433703125 0.44248739531250003 0.248809746875 0.47371940625000003 0.25193951718749996 0.47329289374999994 0.2718143078125 0.45252295 0.2717289953125 0.4520786375