0 0.804624934375 0.7398793765625 0.5717639265625001 0.7072190359375 0.5551531734374999 0.7569733703125 0.7882242875000001 0.782482290625 0.805611303125 0.7816737109375 0.804624934375 0.7398793765625
0 0.59567653125 0.6096945421875 0.40639072187499997 0.622938778125 0.3895838859375 0.664933834375 0.5789497906250001 0.6561274078125 0.5865930078125 0.655727859375 0.5957086421875 0.610796409375 0.59567653125 0.6096945421875
0 0.8015071656250001 0.6770618203125001 0.8048759484374999 0.638547321875 0.804791965625 0.635665425 0.6094096578125 0.6240683484375 0.596827978125 0.6194898734375001 0.59241845625 0.65916856875 0.59241854375 0.6591715781249999 0.795892259375 0.677322940625 0.8015071656250001 0.6770618203125001
0 0.4708936265625 1 0.47370797500000006 0.9937857078125001 0.47357021406250005 0.98905841875 0.170416409375 0.94578975 0.136616428125 1 0.4708936265625 1
0 0.2311370078125 0.518637709375 0.23104144375 0.5153584046875 0.10322002968749999 0.53038414375 0.07860798906250001 0.55289740625 0.0786136890625 0.5530930328125 0.1705997765625 0.5515442578124999 0.22528960781250001 0.5490009171875 0.2311370078125 0.518637709375
1 0.2575939296875 0.6894899375 0.0761821171875 0.652149596875 0.039126246875 0.6754080625000001 0.22289161562499998 0.728997753125 0.22329434531249998 0.7289790234375 0.2575939296875 0.6894899375
1 0.5690722296875 0.7181729375 0.3477823390625 0.6928213609375 0.317650753125 0.7348481921875 0.5409011671874999 0.76582804375 0.5483698421875001 0.7654807124999999 0.5691492125 0.72081464375 0.5690722296875 0.7181729375
1 0.5255110359375 0.8361146796875 0.2863248390625 0.779008059375 0.240344275 0.8281845078125001 0.49300246718749996 0.8947573953125 0.4968159265625 0.8945800500000001 0.525537578125 0.8370254359375 0.5255110359375 0.8361146796875
1 0.8142939640625 0.90797175625 0.8137981140624999 0.8909564828125 0.8104972328125 0.8353991578125 0.5282121171874999 0.8347065703125001 0.510773490625 0.8955327390625 0.8115442953124999 0.9080996296875 0.8142939640625 0.90797175625
1 0.8064366625 0.5845863296875 0.6350177296874999 0.536939071875 0.621285559375 0.5596399062499999 0.798295409375 0.6193350390625 0.801006171875 0.619208975 0.8065481171875 0.58841094375 0.8064366625 0.5845863296875
1 0.8051958562499999 0.542007521875 0.6536010390625 0.49651397656249996 0.641102515625 0.5180400875 0.7908446046875001 0.5680622718749999 0.7936979625 0.5679295765625 0.8052938 0.545368525 0.8051958562499999 0.542007521875
0 0.6395313515625001 0.501828721875 0.639321640625 0.49463237656250003 0.5016638625 0.5068606859375 0.49017665 0.537498928125 0.49019840937500003 0.538245603125 0.5055931640625 0.5375296734375 0.6376121765625 0.5286101609375 0.6395313515625001 0.501828721875
1 0.3185444984375 0.6150903125 0.318527740625 0.6145151953125 0.159044525 0.5789039484375 0.12587140937500002 0.6157579453124999 0.1258821265625 0.6161257015625 0.2965913890625 0.6364098109375 0.2991269515625 0.63629189375 0.3185444984375 0.6150903125