0 0.558680534375 0.6487654296875001 0.530391190625 0.736836271875 0.9402365500000001 0.7825359328125 0.9291221406249999 0.683725728125 0.558680534375 0.6487654296875001
0 0.566513178125 0.647907053125 0.2615604078125 0.617028815625 0.20529350000000002 0.69484188125 0.5276125578124999 0.7393064890625001 0.566513178125 0.647907053125
0 0.663069928125 0.40952730937500004 0.6443142921875 0.450286534375 0.9173129937500001 0.47992960625 0.9145344234375001 0.4206434609375 0.663069928125 0.40952730937500004
0 0.9193969546874999 0.342830396875 0.698497240625 0.3341844625 0.6852988734375 0.37741396250000003 0.6832149125 0.3798842375 0.9048092375 0.38605983906249997 0.9193969546874999 0.342830396875
0 0.5012157578124999 0.3391250125 0.48384940624999995 0.371238303125 0.6839095234375 0.378649071875 0.7005812 0.3341844625 0.5012157578124999 0.3391250125
0 0.6123602874999999 0.23290398437499998 0.588742059375 0.26007678125 0.7401764328125 0.2835442515625 0.7533749281250001 0.23537425937499998 0.6123602874999999 0.23290398437499998
0 0.2018202546875 0.26625244062500003 0.1775073515625 0.294660403125 0.3303310734375 0.30083600625 0.36020118125 0.2724281 0.2018202546875 0.26625244062500003
0 0.0462178984375 0.46016752031249997 0.0031494234375 0.48857553906250006 0.20112558125 0.5157482812499999 0.25044593593750003 0.473754003125 0.0462178984375 0.46016752031249997
1 0.45050605312499997 0.4008813765625 0.41368945625000003 0.44287576562500003 0.6457036406250001 0.44781625937499997 0.6714057671875 0.40952730937500004 0.45050605312499997 0.4008813765625
1 0.362285140625 0.4861052078125 0.3331097078125 0.5404509171874999 0.5991618562500001 0.5540372875 0.6186121671875 0.4984565265625 0.362285140625 0.4861052078125
1 0.9124504640625 0.5182186125 0.631810534375 0.5083375125 0.6074976953125 0.555272453125 0.9145344234375001 0.5947965125 0.9124504640625 0.5182186125
1 0.4692616890625 0.8850516328125 0.1045687671875 0.8084736203125 0 0.9171649234375 0.41230017031250005 0.9962131546874999 0.4692616890625 0.8850516328125
1 0.9513510859375 1 0.9520456968750001 0.9579241484375001 0.4796814875 0.8813462484375 0.4254985390625 1 0.9513510859375 1
1 0.1684769015625 0.38235445625 0.12193511718750001 0.411997528125 0.31643803125000003 0.43175961406249996 0.35117066874999997 0.39841115781249997 0.1684769015625 0.38235445625
1 0.2594764484375 0.3181278171875 0.233774259375 0.3601221515625 0.3879872671875 0.3625924265625 0.41577341562500003 0.330479078125 0.2594764484375 0.3181278171875