1 0.5573944125 0.508532059375 0.4649970109375 0.39418615625000003 0.4219232625 0.41372198750000005 0.50651859375 0.5297575875 0.5078459515625 0.5299920421875 0.5567625359374999 0.5105486734375 0.5573944125 0.508532059375
1 0.738334675 0.5983687125 0.5661876484375 0.4812195984375 0.5316120484375 0.526544671875 0.694840571875 0.6477929109375 0.701781534375 0.6490189078124999 0.7370846156249999 0.602358240625 0.738334675 0.5983687125
1 0.4550354296875 0.5736752187499999 0.379655453125 0.634729596875 0.5695226765625 0.8636032406249999 0.6283750796875001 0.76867849375 0.6287033921875 0.767630690625 0.4550354296875 0.5736752187499999
1 0.25567494687500003 0.7618813921875 0.1243694546875 0.8584168328124999 0.1470438609375 0.9175497328125 0.2528152125 0.944668475 0.3741727 0.9661040968749999 0.25567494687500003 0.7618813921875
1 0.25163104999999997 0.7518398359375 0.251991675 0.75068890625 0.1229503484375 0.570167565625 0.0093013421875 0.6371641671875 0.0091562890625 0.6376271015625 0.1245445328125 0.8551725953125 0.1258891546875 0.8554100984374999 0.25163104999999997 0.7518398359375
1 0 0.5213389109375 0.060588703125 0.493551215625 0.0610447484375 0.4920957625 0.0026515890625 0.38989548749999997 0.0026156578125 0.38988914218750004 0 0.391577953125 0 0.5213389109375
1 0.254666884375 0.42606038437500005 0.18508724375000002 0.34868329062500003 0.132719075 0.3619449875 0.1858220125 0.450289159375 0.1876916421875 0.45061939687499997 0.254229525 0.42745620625 0.254666884375 0.42606038437500005
1 0.377491759375 0.37524540625 0.3150883 0.3049519765625 0.27215191562499996 0.312416171875 0.32836073125 0.3972153375 0.332100621875 0.397875921875 0.3772421203125 0.37604212656249997 0.377491759375 0.37524540625
1 0.247401034375 0.267830403125 0.2155720328125 0.28203682812499997 0.25971284843750003 0.3246965359375 0.2985613859375 0.30604154375000003 0.29918435625 0.3040533515625 0.247401034375 0.267830403125
1 0.7086419734375 0.3670068578125 0.60993079375 0.3222189828125 0.5862630281250001 0.333226321875 0.6812227078124999 0.387812240625 0.68419639375 0.3883374890625 0.7081323640625 0.3686332609375 0.7086419734375 0.3670068578125
1 0.8410129171875 0.42621060625 0.8423599421875 0.42191161250000003 0.7009458578125 0.3896116265625 0.6869992859375 0.40597502968750004 0.6864767015625 0.407642840625 0.8172046843749999 0.45421682968750005 0.8260776875 0.4557840859375 0.8410129171875 0.42621060625
1 0.7445100046875 0.340302759375 0.7436713203124999 0.340154621875 0.7295237593749999 0.36231622343750003 0.8416159921874999 0.3998406015625 0.8479558062500001 0.4009604171875 0.8606396609375 0.3786243296875 0.86166163125 0.37536273750000004 0.7445100046875 0.340302759375
1 0.7481269875 0.336320459375 0.65788004375 0.2913552890625 0.636154865625 0.303129 0.7248038421875 0.34660335937500003 0.731636778125 0.347810275 0.7478633578125 0.3371618203125 0.7481269875 0.336320459375
1 0.8815938593749999 0.35690539375 0.780999784375 0.3123637078125 0.7613643375 0.3246284609375 0.8588231171875 0.3735359078125 0.868557009375 0.3752552265625 0.8807483843749999 0.3596037015625 0.8815938593749999 0.35690539375
0 0.7857569203125 0.29650255625 0.701279040625 0.270939303125 0.6662150859375 0.2901253171875 0.7536989828125 0.32562359218750003 0.757543765625 0.326302703125 0.7854967546875 0.2973328703125 0.7857569203125 0.29650255625
0 0.1803348390625 0.33716376875 0.10476237656250001 0.2910822171875 0.057821453125 0.3117928921875 0.127517703125 0.365000465625 0.129559334375 0.36536108437500003 0.1797983796875 0.3388758640625 0.1803348390625 0.33716376875
0 0.434160753125 0.5957728484375 0.33665128593750004 0.4576624140625 0.2587691875 0.4937836578125 0.355674634375 0.6384222625 0.3584348140625 0.6389097968749999 0.43390507187500005 0.596588846875 0.434160753125 0.5957728484375
0 0.40409462031250004 0.275291171875 0.3374455625 0.2483360796875 0.3059005171875 0.259593659375 0.36416980312499997 0.29268516718750004 0.3716194078125 0.2940010046875 0.4038945515625 0.2759296859375 0.40409462031250004 0.275291171875
0 0.48963410312500005 0.2682118140625 0.40841186562500004 0.22111619531249999 0.381749265625 0.2381152921875 0.44886400000000004 0.283191525 0.4543390140625 0.2841585875 0.488947678125 0.270402515625 0.48963410312500005 0.2682118140625
1 0.473667478125 0.2300943296875 0.4606541609375 0.2396277859375 0.5254236328124999 0.2510681515625 0.551891403125 0.235090659375 0.5520689140624999 0.23452413593750002 0.473667478125 0.2300943296875
0 0.6501357234375 0.41324320625000005 0.5244458125 0.357648284375 0.497709659375 0.37754425 0.61197799375 0.44568101718750003 0.61586251875 0.4463671484375 0.6495681734375001 0.41505452343749993 0.6501357234375 0.41324320625000005
0 0.7934127765625 0.492830834375 0.6511910203125 0.4151964515625 0.6232281234375 0.4413167921875 0.76422800625 0.539412415625 0.7661972078125 0.5397602390625 0.7913771859375001 0.49932737187500004 0.7934127765625 0.492830834375