0 0.1987141796875 0.3703076421875 0.12957913906250002 0.29566934843750003 0.0700561046875 0.3078731796875 0.1292138703125 0.37991354843749997 0.1323527109375 0.3809874890625 0.19865938593750002 0.37047858906250003 0.1987141796875 0.3703076421875
0 0.4226793921875 0.32667898125 0.3503525328125 0.2924128625 0.3190526046875 0.3125411890625 0.38305385 0.346795896875 0.3923035546875 0.349960646875 0.4226793921875 0.32667898125
0 0.66056460625 0.53411399375 0.6607179875 0.5336354734375 0.5470783234375001 0.43654217500000003 0.5207636671875 0.4439684953125 0.5206367609375 0.44436442343750004 0.616608778125 0.551603940625 0.617409196875 0.5518778 0.66056460625 0.53411399375
0 0.812732515625 0.5959963046875 0.65457150625 0.5439580609375 0.6323759625 0.5716145296875 0.775577325 0.6290019421874999 0.7933516593750001 0.635083359375 0.8114106046874999 0.6001204328124999 0.812732515625 0.5959963046875
0 0.5082338015625 0.3231055359375 0.48367352031250005 0.3111807859375 0.42084189062500005 0.297493559375 0.39505949375 0.31146205312499997 0.47658960468749995 0.33935725 0.5078678828125 0.32424714374999997 0.5082338015625 0.3231055359375
0 0.448370371875 0.6749828046874999 0.3483684453125 0.506139921875 0.28167029375 0.5209828953125 0.36224134375 0.70122230625 0.36285032500000003 0.7014306671874999 0.44832521718749996 0.67512368125 0.448370371875 0.6749828046874999
1 0.273472621875 0.78204995 0.27365455 0.781482365625 0.12555906562500002 0.5824109625 0.014967359375 0.633977478125 0.014846029687500002 0.63435600625 0.157219525 0.8825146500000001 0.1586949015625 0.88301944375 0.273472621875 0.78204995
1 0 0.5119422140625 0.07390880625 0.49652865156250003 0.074520646875 0.494619815625 0.0328743953125 0.387180421875 0.0011172953125 0.39045149375 0 0.3928610015625 0 0.5119422140625
1 0.20110200625000002 0.37055500625 0.1469423421875 0.3759385734375 0.2008778125 0.47325983125000004 0.26576621093749997 0.45522585937500004 0.2663458453125 0.45341749531250003 0.20110200625000002 0.37055500625
1 0.3977870484375 0.4148497578125 0.31435299375 0.3519275671875 0.2648689125 0.36193185 0.35260595 0.4316952921875 0.35274106562499996 0.431741521875 0.3975569375 0.41556766874999995 0.3977870484375 0.4148497578125
1 0.7402752015625 0.7343338453125 0.59822770625 0.5662867421875 0.5485024296875001 0.58613461875 0.7066994640625001 0.7714187515625001 0.7075232484375 0.7717006046875 0.739965803125 0.7352991140625 0.7402752015625 0.7343338453125
1 0.65102549375 0.8425038562499999 0.654004603125 0.8332095484375 0.44318445625 0.659404925 0.3754189671875 0.7116657171874999 0.375042228125 0.7128410765625001 0.6044006859375 0.9434856500000001 0.6082185109375 0.9447919046875001 0.65102549375 0.8425038562499999
1 0.4529176875 0.4686793265625 0.41290210624999996 0.49859261093749996 0.543827346875 0.5939254843749999 0.5861582609375 0.5598566546875 0.5864617453125 0.5589098375 0.4529176875 0.4686793265625
1 0.865167875 0.5356031953125 0.76984381875 0.44275203437500005 0.74900226875 0.45327614218749995 0.8436768390625 0.548767909375 0.8452505140625 0.5493063359375 0.8645718546875001 0.5374626765625 0.865167875 0.5356031953125
1 0.850396646875 0.5662074453125 0.719047628125 0.47259485156250003 0.69366034375 0.490354203125 0.825142109375 0.5900848375 0.8280197749999999 0.59106941875 0.8502916078125 0.5665351515625 0.850396646875 0.5662074453125
1 0.7149922078125 0.48258582499999997 0.6421810421874999 0.41163261718750005 0.6097917015625 0.42724358125000006 0.692757325 0.49315006562499997 0.7149922078125 0.48258582499999997
1 0.9011844234374999 0.4850505890625 0.7877768578125 0.43650270312500006 0.7752770609375 0.45107004999999994 0.8789734828125001 0.503325621875 0.8876175671875 0.5062831609375 0.9011844234374999 0.4850505890625
0 0.7964430953125 0.4146252296875 0.7103277703125 0.37885142968749996 0.682633490625 0.40077714531249997 0.7706108656249999 0.43666864531250005 0.7810617 0.4402443546875 0.7959406718750001 0.4161927 0.7964430953125 0.4146252296875
1 0.6225396421875 0.368955984375 0.6228352765625 0.36803365625 0.549482528125 0.32179620625 0.5253188875 0.342040309375 0.5252173640625 0.34235705 0.58930406875 0.379565446875 0.59148019375 0.38031000000000004 0.6225396421875 0.368955984375
1 0.413027425 1 0.2555662171875 0.8069349406249999 0.14068842343750002 0.9058928749999999 0.17571050625 0.957863934375 0.2222675296875 0.97379323125 0.3371982078125 1 0.413027425 1
1 0.3122179859375 0.35674263906250003 0.262391559375 0.29667723125 0.233164553125 0.29715329375 0.26306710624999996 0.3550448234375 0.2645181640625 0.35554129687499997 0.3119694609375 0.357517990625 0.3122179859375 0.35674263906250003
1 0.48282165312499997 0.4075468265625 0.41928768906249997 0.33861088437500003 0.3984792296875 0.34304949375 0.4435071265625 0.4118514578125 0.44615853281250006 0.4127586265625 0.482171159375 0.40957625625 0.48282165312499997 0.4075468265625
1 0.5479259046875 0.32826820625 0.49678299687500005 0.280862971875 0.47804903750000005 0.2840710609375 0.5199280875000001 0.336107971875 0.5228274140625 0.337099965625 0.5478119015625 0.3286238734375 0.5479259046875 0.32826820625