1 0.193174290625 0.6095078 0.109747 0.6931216906250001 0.28918528593750004 0.8940283203125 0.38147494531250004 0.7775734734374999 0.193174290625 0.6095078
1 0.3799863578125 0.7802201359375001 0.29811654062500004 0.89270505 0.38966190625 1 0.65611104375 0.9919564078124999 0.3799863578125 0.7802201359375001
1 0.5184208124999999 0.577747365625 0.46855468437500003 0.63729818125 0.723839684375 0.8159506249999999 0.76328610625 0.7180226578125 0.5184208124999999 0.577747365625
1 0.608477659375 0.45732234375 0.575729746875 0.498346278125 0.7908240984375 0.6015676921875001 0.80570956875 0.532753375 0.608477659375 0.45732234375
1 0.458134840625 0.3938014734375 0.43208536875 0.42423857812500004 0.5794510796875 0.4970228859375 0.606989140625 0.46261578906249995 0.458134840625 0.3938014734375
1 0.6032677390625001 0.294550115625 0.580195375 0.3144003875 0.6948131046875 0.35145426875 0.7104428015625001 0.31969383281249997 0.6032677390625001 0.294550115625
1 0.7193740578125001 0.3236638875 0.7030001343750001 0.35807098437499996 0.84664444375 0.3938014734375 0.8622741406250001 0.3620410390625 0.7193740578125001 0.3236638875
1 0.73946938125 0.2786698984375 0.7275610859375 0.2905800609375 0.851854434375 0.33954410625000003 0.8697169453125 0.3104303328125 0.73946938125 0.2786698984375
1 0.6322943171875 0.2574962953125 0.616664621875 0.2733765125 0.723839684375 0.30116689375 0.73872515625 0.28131662031250004 0.6322943171875 0.2574962953125
1 0.3703108765625 0.291903453125 0.3531925921875 0.3144003875 0.44027233125 0.3527775984375 0.46855468437500003 0.3236638875 0.3703108765625 0.291903453125
1 0.2914180984375 0.3408674359375 0.25122745 0.36336443125 0.34500563125 0.41365174531250004 0.38147494531250004 0.3792446484375 0.2914180984375 0.3408674359375
1 0.21699095000000002 0.306460278125 0.1842430359375 0.32498721875 0.25643737187500004 0.3593943765625 0.28546395156250004 0.33822071249999996 0.21699095000000002 0.306460278125
1 0.182010221875 0.3911548109375 0.1782888890625 0.4004182515625 0.12172425 0.43614874062500003 0.22592220468750002 0.49305283125 0.28248684375 0.448058903125 0.182010221875 0.3911548109375
0 0 0.5856874734375 0.020503334375 0.6161245171874999 0.107583071875 0.559220484375 0.0041293765625 0.45732234375 0.0093392640625 0.45996906718749997 0.00040800937500000005 0.44541218125000004 0 0.5856874734375
0 0.681416221875 0.39909491875 0.5318176953125 0.34748421406249996 0.505768225 0.3646877625 0.6412255734375 0.4335020171875 0.6702521531250001 0.4004182515625 0.681416221875 0.39909491875
0 0.819850678125 0.46790917500000007 0.831759109375 0.4321786859375 0.6700148578125 0.39550264375 0.6687637 0.3885080890625 0.651645415625 0.41894519218750004 0.819850678125 0.46790917500000007
0 0.3010936484375 0.2760232359375 0.27715771562499997 0.28439153125 0.3658452484375 0.32498721875 0.3911504265625 0.3024902234375 0.3010936484375 0.2760232359375
0 0.3703108765625 0.24029274687500002 0.3407737875 0.26058200781249996 0.44250514374999994 0.293226784375 0.46929890937499996 0.266759734375 0.3703108765625 0.24029274687500002
1 0.5362833234375 0.2879333984375 0.47450883125 0.2680831265625 0.4506921734375 0.293226784375 0.5005583031249999 0.3144003875 0.5362833234375 0.2879333984375
1 0.4283640359375 0.22044247499999997 0.4090129375 0.229705915625 0.48418437968749994 0.2588196265625 0.5065125187499999 0.24029274687500002 0.4283640359375 0.22044247499999997
0 0.5169322937499999 0.568483865625 0.35416664375 0.480820103125 0.2966280203125 0.52746005 0.4618562421875 0.641268234375 0.5169322937499999 0.568483865625
0 0.042782715625 0.3816137546875 0.1254455828125 0.437472071875 0.18796436875 0.3911548109375 0.106094553125 0.343514159375 0.042782715625 0.3816137546875