1 0.2663052890625 0.758725078125 0.1608541671875 0.5358571328124999 0.0509461671875 0.5834043703125 0.1358325875 0.8345718968750001 0.1376891421875 0.8350854562500001 0.265233296875 0.7621902 0.2663052890625 0.758725078125
1 0.1529117984375 0.8776193062500001 0.218939190625 0.9655552390625 0.3047968796875 0.9893052140625 0.502493315625 0.99138915625 0.5025932796875 0.9910660312499999 0.2431995609375 0.76853129375 0.1529117984375 0.8776193062500001
1 0.649534015625 0.8044440140625 0.48046321406250003 0.5852824015625 0.4109708890625 0.6226219296875 0.5739616453124999 0.8804984656249999 0.5758311609375 0.8810156109375 0.649014109375 0.8061245609375 0.649534015625 0.8044440140625
1 0.7582086343750001 0.5999597984375 0.5688786859375 0.5133285484375001 0.53239765625 0.5523895328124999 0.734455346875 0.66636229375 0.7374128234375 0.667180390625 0.7582086343750001 0.5999597984375
1 0.4765451140625 0.3908788171875 0.4391075328125 0.4066063203125 0.5344368609375 0.5372434125 0.573990753125 0.5191140578125 0.5744105859374999 0.5177569890625 0.4765451140625 0.3908788171875
1 0.721833603125 0.402974403125 0.6389196171875 0.3351015125 0.609258515625 0.343172753125 0.692461853125 0.42403079374999997 0.6953669484375 0.42483440312500004 0.721256971875 0.4048383125 0.721833603125 0.402974403125
1 0.8564056062500001 0.4765283 0.7345731671875 0.3976291625 0.707686175 0.4256030375 0.8247202953125001 0.4982505609375 0.8334475031249999 0.5006646828125 0.8560227234375001 0.477765934375 0.8564056062500001 0.4765283
1 0.875232071875 0.43664440468750004 0.7725201546875 0.35409959999999996 0.7565373 0.3600465703125 0.845413403125 0.45488634218749996 0.8471655671875 0.455371025 0.8751722624999999 0.436837728125 0.875232071875 0.43664440468750004
1 0.6636962796875 0.3203239375 0.6463808921875 0.3349817640625 0.7500115578125001 0.3708004265625 0.76662231875 0.3525682296875 0.7667820562500001 0.352051890625 0.6636962796875 0.3203239375
1 0.49304110156250003 0.32990087031250004 0.4074606046875 0.2768915875 0.38496465 0.2948392265625 0.4568576203125 0.3506765 0.460069271875 0.35156490625000003 0.492606125 0.3313068953125 0.49304110156250003 0.32990087031250004
1 0.323987065625 0.30142036562499996 0.2780192703125 0.3069591125 0.3428556265625 0.3891317453125 0.389330734375 0.3715418578125 0.3896684640625 0.37045018281250003 0.323987065625 0.30142036562499996
1 0.3098987671875 0.30324866093749997 0.261173446875 0.24857861875 0.22363730781250002 0.2532730796875 0.274600803125 0.31171451875 0.2765468453125 0.3122528328125 0.30959668749999997 0.30422510625 0.3098987671875 0.30324866093749997
1 0.277560159375 0.40253757187500006 0.27780960781249997 0.401731246875 0.19773980156249998 0.3221845609375 0.1915530765625 0.330240565625 0.1271139515625 0.35086111875000003 0.20860466249999998 0.429269753125 0.21376807343749998 0.4306980578125 0.277560159375 0.40253757187500006
0 0 0.49011911562500005 0.076312378125 0.46586603125000003 0.0769081140625 0.4639403671875 0.009201992187499999 0.3397586015625 0.0133938390625 0.3436898484375 0.009198010937499999 0.3272849640625 0 0.356718690625 0 0.49011911562500005
0 0.6762282125 0.4560204109375 0.6763698046875 0.45556272656249996 0.541931765625 0.37845754062500003 0.5127594671875 0.39071276875 0.6295038546875 0.48188414062499996 0.63111504375 0.48232982812499997 0.6660747453125 0.455385484375 0.6762282125 0.4560204109375
0 0.8017236578125001 0.5484279812499999 0.8022992406249999 0.5465674609375 0.6740845656250001 0.447015509375 0.6760693343749999 0.440124925 0.647176884375 0.46081021718750004 0.773925221875 0.5725586453125 0.7775740843750001 0.5735679953124999 0.8017236578125001 0.5484279812499999
0 0.347209571875 0.24344054375000002 0.34713135156249997 0.24341890781250003 0.321802375 0.2455984546875 0.3938444578125 0.3054290484375 0.39687377968750004 0.3062670203125 0.4234168515625 0.292817990625 0.4242473203125 0.2901335734375 0.347209571875 0.24344054375000002
0 0.5091337171875 0.283125678125 0.509467809375 0.28204575468750004 0.4275458484375 0.22483935000000002 0.3929178296875 0.2341211328125 0.39283301875 0.23439527343750002 0.4753915828125 0.2985336265625 0.4757701234375 0.2986383375 0.5091337171875 0.283125678125
1 0.566704665625 0.31722785 0.5175756640625 0.2804306765625 0.48645349375 0.2968111375 0.5225984984375 0.3295910765625 0.5294043875 0.331473721875 0.565971609375 0.3195973859375 0.566704665625 0.31722785
1 0.55178935625 0.2605854390625 0.48495940937500004 0.22349439843750002 0.4637482890625 0.2276800078125 0.5261613890625 0.2733069015625 0.5288141109375 0.2740406984375 0.5507933234375 0.26380503125 0.55178935625 0.2605854390625
0 0.45466730625 0.605121196875 0.3582937328125 0.45066897499999997 0.28495339375 0.464417390625 0.369931825 0.6424327843750001 0.3709766015625 0.6427217921875 0.45466730625 0.605121196875
0 0.201659440625 0.3333154078125 0.1481664265625 0.257421165625 0.074516246875 0.267330971875 0.1248618109375 0.35047131875000004 0.1269088671875 0.3510375765625 0.20154391718750003 0.3336888265625 0.201659440625 0.3333154078125