0 0.18088438906249998 0.42680103125 0.09735556875 0.37417503281250003 0.0423093984375 0.402670984375 0.1163663140625 0.45616831874999997 0.11761497812499999 0.45616105156250003 0.18088438906249998 0.42680103125
0 0.38283887031249997 0.32921441875 0.31578520781249997 0.2907866890625 0.2821132546875 0.3087998140625 0.346306846875 0.35013680625 0.3510534140625 0.35010917343750003 0.3828187609375 0.3297906265625 0.38283887031249997 0.32921441875
0 0.6660574703125001 0.40172072343750004 0.5200736359375 0.3922483125 0.502386203125 0.414515275 0.6367006468749999 0.4422008953125 0.64182100625 0.44217108437499997 0.6659852296875 0.4037909203125 0.6660574703125001 0.40172072343750004
0 0.8300501656250001 0.445364515625 0.667145434375 0.4282045859375 0.6494605625000001 0.4600398390625 0.8127707453124999 0.48805319843749995 0.8173756078125001 0.4880263875 0.8298914343750001 0.44991322343749995 0.8300501656250001 0.445364515625
0 0.4650205515625 0.3009788203125 0.4650293671875 0.3007261921875 0.441727784375 0.2864855671875 0.3813853828125 0.2677899953125 0.35351073125 0.27967896875 0.4283955 0.31371956875 0.4310915859375 0.313703871875 0.4650205515625 0.3009788203125
0 0.49862122500000006 0.6357431250000001 0.3655040625 0.5018741921875 0.3040780453125 0.5349312578125 0.4213373625 0.685654509375 0.422966571875 0.685645025 0.4985692609375 0.6372322687499999 0.49862122500000006 0.6357431250000001
1 0.3640864265625 0.7771031765624999 0.1565799109375 0.65509411875 0.07206791875 0.7482397765625 0.291479928125 0.9176722578125001 0.293149053125 0.9176625406250001 0.3640779578125 0.7773458625 0.3640864265625 0.7771031765624999
1 0 0.6380823578125 0.000014657812500000001 0.638104903125 0.001410978125 0.6380967734375 0.09591079218750001 0.586741178125 0.0959828515625 0.584676184375 0.030494289062500003 0.4940591421875 0.0006108453125 0.506653815625 0 0.50981898125 0 0.6380823578125
1 0.18179552968749998 0.42386063125 0.13186154218749999 0.44775051718750003 0.2109792046875 0.5208637375 0.26824707187499996 0.480778853125 0.26827805625 0.47989091562499997 0.18179552968749998 0.42386063125
1 0.3833400578125 0.40434488437500005 0.288554946875 0.3670884859375 0.2427617609375 0.3906421890625 0.342480221875 0.43297578281250004 0.3436378015625 0.43296904375 0.3833190984375 0.4049455 0.3833400578125 0.40434488437500005
1 0.7987888125 0.58052018125 0.6087857249999999 0.48502730468750005 0.569702503125 0.52374066875 0.7816312625 0.6288666187499999 0.7823628078125 0.628862359375 0.79864445625 0.5846569234375 0.7987888125 0.58052018125
1 0.47782295937499997 0.6337605390625 0.477224109375 0.633764025 0.43632699218750004 0.712627271875 0.7387700015625 0.8150630812499999 0.74063759375 0.8150522078125 0.740940271875 0.80637845625 0.7386946062499999 0.6929985953125 0.47782295937499997 0.6337605390625
1 0.6002350375 0.4981125546875 0.46556049374999997 0.41811165624999996 0.4259430390625 0.450949215625 0.555918840625 0.5348633781250001 0.55920638125 0.5348442375 0.6002230109375 0.4984571875 0.6002350375 0.4981125546875
1 0.8646401015625 0.3490622 0.7392130796874999 0.3137918296875 0.7252045609375 0.3332709796875 0.849374221875 0.370646653125 0.8525046765625 0.3706284265625 0.8645814312500001 0.35074348125 0.8646401015625 0.3490622
1 0.8550701937499999 0.39957131874999996 0.709411346875 0.3440570765625 0.6882750859375 0.3679658640625 0.8371351812500001 0.4300959171875 0.8393797968750001 0.43008284999999996 0.8549691671874999 0.40246643437499996 0.8550701937499999 0.39957131874999996
1 0.705791775 0.33698387812499997 0.6071414171875 0.3308672125 0.5921705828125 0.362768609375 0.63071694375 0.36254419375 0.6961329046875 0.35981039843749996 0.7056966796874999 0.3397089796875 0.705791775 0.33698387812499997
1 0.881248109375 0.3205969984375 0.7708469109375 0.2751660921875 0.7577653828125 0.2899965265625 0.8647410734375001 0.3424307625 0.8678245812500001 0.34241280937499996 0.8811821343749999 0.322487615625 0.881248109375 0.3205969984375
0 0.7637453843750001 0.2871003 0.6821164640624999 0.25112594062500004 0.6528250515625 0.2726747109375 0.7434308328125 0.31188544218750003 0.74901114375 0.311852953125 0.7636098390625 0.2909845796875 0.7637453843750001 0.2871003
1 0.584275475 0.28426343125 0.5047234140625 0.2592497265625 0.48506697499999996 0.2855264 0.5513355328125 0.3036283390625 0.5592250265625001 0.3035824078125 0.584200109375 0.2864231546875 0.584275475 0.28426343125
1 0.3632775640625 0.8119430124999999 0.2651012265625 0.933423140625 0.312491603125 0.9821137609375 0.48124199062499995 0.9837583750000001 0.5659433968750001 0.983265246875 0.3632775640625 0.8119430124999999
1 0.2860399046875 0.373614128125 0.2222346953125 0.333083584375 0.19443151875 0.34320623906250003 0.23861016093749998 0.388265715625 0.24013069374999998 0.3882568625 0.2860113515625 0.3744323671875 0.2860399046875 0.373614128125
1 0.4664354390625 0.34992574374999996 0.466472234375 0.34887131875 0.3745236984375 0.3330561640625 0.360272765625 0.349432809375 0.36027002812500003 0.3495112796875 0.4350077609375 0.3761842390625 0.437607790625 0.37616910312499996 0.4664354390625 0.34992574374999996
1 0.5024310515625 0.25808791875 0.4365771515625 0.2450871453125 0.4218996421875 0.2578461203125 0.48470960781250005 0.2805775453125 0.48493421718749996 0.2805762375 0.5023596953125 0.26013271875 0.5024310515625 0.25808791875