1 0.3226980140625 0.7658206546875 0.19045379375 0.561998378125 0.0865066140625 0.6265280328125 0.200497284375 0.8599823531249999 0.20164326250000003 0.8600429281249999 0.3226980140625 0.7658206546875
1 0.2323894765625 0.855778953125 0.307803690625 0.9663598421874999 0.35655372500000004 0.968936678125 0.5017773109375 0.9721780546875 0.568538246875 0.9686792625 0.32857472187500003 0.74758465625 0.2323894765625 0.855778953125
1 0.7138130874999999 0.7148909859375 0.5026436734375 0.5458762015625 0.4417397625 0.59897875625 0.6548958390624999 0.8068983703124999 0.656176453125 0.8069660609374999 0.7136677406249999 0.715980015625 0.7138130874999999 0.7148909859375
1 0.77900899375 0.5420175921875 0.6145365953125 0.42444509999999996 0.5708647640625 0.4570956625 0.7436258125 0.605456946875 0.7449664359375 0.6055278109375 0.7787251375 0.54414438125 0.77900899375 0.5420175921875
1 0.5989797234375 0.42973891249999996 0.45087285781249997 0.3745341109375 0.42498995156249997 0.4071704828125 0.569739096875 0.465663209375 0.5736192875 0.46586830937499996 0.5986425984375 0.4322648359375 0.5989797234375 0.42973891249999996
1 0.7182195171875 0.3042669140625 0.6153133734375 0.2735063890625 0.5897882359375 0.292147490625 0.6949598906250001 0.3338121140625 0.6992305453125 0.3340378515625 0.7182195171875 0.3042669140625
1 0.8621768328125 0.3396919171875 0.7190456640625 0.321778996875 0.704693965625 0.35817994375 0.848305378125 0.373388128125 0.8502752984375 0.373492253125 0.8612492218750001 0.3466420890625 0.8621768328125 0.3396919171875
1 0.8766805 0.28946883125 0.7446519281249999 0.2784847015625 0.7336729484375 0.29212979843750003 0.8584419640625001 0.32042414375 0.8616095578125 0.3205915765625 0.8765640578125 0.290341284375 0.8766805 0.28946883125
1 0.750240109375 0.266621471875 0.6489528015625 0.237527128125 0.6313367921874999 0.252588228125 0.7263710953125 0.2835461890625 0.7356764546875 0.2840380515625 0.7500115140625 0.2683342390625 0.750240109375 0.266621471875
1 0.47686190625 0.292679825 0.38319455625 0.25951786875 0.363930409375 0.2817430796875 0.44451677500000003 0.3205741640625 0.44784690468750005 0.3207501890625 0.476667375 0.2941373515625 0.47686190625 0.292679825
1 0.3079809203125 0.3001276984375 0.262684840625 0.3122500546875 0.33546571406250003 0.3838287109375 0.3805789890625 0.35948590937499997 0.38065522343749997 0.3589147046875 0.3079809203125 0.3001276984375
1 0.28878927656250003 0.310801775 0.2368674703125 0.2622264828125 0.1996724390625 0.2710212265625 0.254086434375 0.3230965609375 0.25733950625 0.3232685125 0.288615728125 0.3121021046875 0.28878927656250003 0.310801775
1 0.2780323484375 0.3913984828125 0.2781020140625 0.39087651874999996 0.1722315390625 0.354248421875 0.169553659375 0.3640651828125 0.117253634375 0.409995190625 0.22699122031250002 0.44597268124999995 0.22717556718749998 0.4459824265625 0.2780323484375 0.3913984828125
0 0 0.564916721875 0.08882159843750001 0.5115617890624999 0.0890251796875 0.5100364546875 0 0.41056452343750005 0 0.564916721875
0 0.67622813125 0.38865723124999996 0.5409887390625 0.319558915625 0.5119863062500001 0.333478675 0.6307799937499999 0.418404484375 0.665911884375 0.38906456093749997 0.67616800625 0.389107721875 0.67622813125 0.38865723124999996
0 0.8200372937499999 0.43332851406249995 0.820783696875 0.427736065625 0.6704432328125 0.37494266718749997 0.6705083796875 0.3678459203125 0.64804263125 0.3963660234375 0.7990193296875 0.460473775 0.8053720453125001 0.4608095671875 0.8200372937499999 0.43332851406249995
0 0.3248486265625 0.23342299687499998 0.2994819 0.23531366562499997 0.3693631671875 0.297565425 0.400195346875 0.28264500312499996 0.40027598593749997 0.282040815625 0.3248486265625 0.23342299687499998
0 0.4846282640625 0.24617931249999997 0.3962895015625 0.20323549375 0.3625634609375 0.2181078359375 0.4517914546875 0.26745890625 0.453429875 0.267545509375 0.48450114375000003 0.247131771875 0.4846282640625 0.24617931249999997
1 0.5501474359375 0.257233825 0.4879014421875 0.24393125625 0.4646664703125 0.2714644265625 0.512003059375 0.2863768078125 0.51590605625 0.2865831125 0.5501474359375 0.257233825
1 0.5258457515625 0.20620820312500002 0.44836933125 0.1947884578125 0.42923092656249995 0.2060393140625 0.5008927921875 0.2259956640625 0.5060369375 0.2262675734375 0.5256536828125 0.20764728593749998 0.5258457515625 0.20620820312500002
0 0.49089094062500005 0.5499331859375001 0.3497582734375 0.443395390625 0.2839491046875 0.4827294015625 0.4219715203125 0.6152048015625 0.42356149531250004 0.6152888453124999 0.4907331453125 0.5511154781250001 0.49089094062500005 0.5499331859375001
0 0.19166550625 0.3371510265625 0.10920652812500001 0.29852516093750003 0.0467719578125 0.34309501249999996 0.1285526234375 0.38884314375 0.1319696359375 0.389023759375 0.1915591625 0.337947809375 0.19166550625 0.3371510265625