1 0.46632187031249994 0.44541218125000004 0.43580670312500003 0.47849600625 0.574241159375 0.54863359375 0.6121989937500001 0.5115798328125 0.46632187031249994 0.44541218125000004
1 0.8153850500000001 0.5843640812500001 0.6063987859375 0.5006613734375 0.586149521875 0.549956984375 0.7923126875000001 0.641268234375 0.8153850500000001 0.5843640812500001
1 0.75956470625 0.7577232031250001 0.5184208124999999 0.6134778546875 0.46632187031249994 0.68758549375 0.7357481156250001 0.860944615625 0.75956470625 0.7577232031250001
1 0.37775354375000003 0.8278607890625 0.287696765625 0.950932471875 0.3330972671875 1 0.584661003125 0.9959264624999999 0.37775354375000003 0.8278607890625
1 0.1961513984375 0.6597951140625 0.10237321875000001 0.7418429843750001 0.28248684375 0.93505225625 0.3784978375 0.8146272328125 0.1961513984375 0.6597951140625
1 0.00040800937500000005 0.624064625 0.023480440624999998 0.66111850625 0.10907166093750001 0.5975976375000001 0.016782 0.5102564421875 0.0026408234375 0.5248132671875 0.00040800937500000005 0.624064625
1 0.180521703125 0.44144212656250004 0.1351211328125 0.46790917500000007 0.223689390625 0.535400159375 0.28099832343750003 0.4943762234375 0.180521703125 0.44144212656250004
1 0.29290661875 0.3805679796875 0.25643737187500004 0.40306497500000005 0.3539368859375 0.45732234375 0.38742909375 0.41894519218750004 0.29290661875 0.3805679796875
1 0.223689390625 0.3501308765625 0.1961513984375 0.3686578171875 0.25271597031250004 0.40306497500000005 0.287696765625 0.37792125625 0.223689390625 0.3501308765625
1 0.6002906984374999 0.3408674359375 0.580195375 0.355424321875 0.6940688796875001 0.39247814375 0.7134199765625 0.367334484375 0.6002906984374999 0.3408674359375
1 0.7178856046875 0.37527459375 0.704488721875 0.39247814375 0.8503658453125 0.448058903125 0.8645069546874999 0.41365174531250004 0.7178856046875 0.37527459375
1 0.74244655625 0.32763394218749997 0.7320267140625 0.3501308765625 0.8578085140624999 0.385861365625 0.86822835625 0.3593943765625 0.74244655625 0.32763394218749997
1 0.638248534375 0.306460278125 0.62113025 0.32234049531250003 0.7297939 0.344837490625 0.7439350078125 0.32895727343750003 0.638248534375 0.306460278125
1 0.766263146875 0.305136946875 0.7513778125 0.3210171640625 0.874182571875 0.34748421406249996 0.882369465625 0.32498721875 0.766263146875 0.305136946875
0 0.67695059375 0.2733765125 0.6456912 0.294550115625 0.744679371875 0.32498721875 0.767751734375 0.293226784375 0.67695059375 0.2733765125
0 0.091953375 0.39512486562500004 0.049479143749999996 0.4193121671875 0.13288831875 0.46658584375 0.1797774078125 0.43482540937499997 0.091953375 0.39512486562500004
0 0.3546811796875 0.5261366578125 0.298860834375 0.5856874734375 0.46260046875 0.6796453859375 0.5146994796875 0.6134778546875 0.3546811796875 0.5261366578125
0 0.308536315625 0.3144003875 0.2793898578125 0.328042325 0.350959778125 0.35807098437499996 0.382219171875 0.33557405 0.308536315625 0.3144003875
0 0.36882228906250003 0.2786698984375 0.3479827390625 0.2998435609375 0.4328296625 0.3316039953125 0.467066096875 0.30910700156250004 0.36882228906250003 0.2786698984375
1 0.5176765875 0.279993290625 0.438039515625 0.2680831265625 0.4251461015625 0.276680053125 0.490138528125 0.294550115625 0.5176765875 0.279993290625
0 0.5280963625 0.38718475625000004 0.5065125187499999 0.4096816921875 0.6419698671875 0.4639391203125 0.6695079265625 0.4268853 0.5280963625 0.38718475625000004
0 0.6695079265625 0.42556190781250003 0.6509011234375001 0.45599901249999997 0.82580489375 0.5208432125 0.83845755 0.4705558984375 0.6695079265625 0.42556190781250003