1 0.5834535578125 0.4676113078125 0.4340054859375 0.42788921562500004 0.40562052812499994 0.46582131093749995 0.5438163453125 0.509438409375 0.5501741234375 0.5088843187500001 0.583431659375 0.46854849375 0.5834535578125 0.4676113078125
1 0.5995646734375 0.44235921562499997 0.5989420953125 0.44241347500000006 0.565823684375 0.48719040625 0.7372741281249999 0.612353071875 0.7389226671875 0.6122093984375 0.77646336875 0.56101578125 0.77646451875 0.5609665265625 0.5995646734375 0.44235921562499997
1 0.726922578125 0.6763426515625001 0.46299375156250006 0.6088608921875001 0.4254484703125 0.6950808 0.7212257125 0.781747478125 0.7228347921875 0.7816072453125 0.7266580593749999 0.6876635656250001 0.726922578125 0.6763426515625001
1 0.5587492765625 0.9234330984374999 0.32280297812500003 0.827834371875 0.25938668125 0.97291039375 0.2753962703125 0.9825146874999999 0.40352703593749994 0.9757996390624999 0.5587306359374999 0.9242308671874999 0.5587492765625 0.9234330984374999
1 0.3346343609375 0.82465074375 0.190073515625 0.6522647296875 0.18943201406250001 0.6523206375 0.08090104687500001 0.7236934296875 0.0808835265625 0.7244432093750001 0.2151772625 0.9347363984375001 0.21604470468749998 0.9346608 0.3346064765625 0.8258441515625 0.3346343609375 0.82465074375
1 0 0.677116384375 0.0008877546875 0.6780856125 0.0027064265625 0.6779271125 0.07761108125 0.5971733671874999 0.077633903125 0.596196690625 0 0.5492175484375 0 0.677116384375
1 0.2521452046875 0.47883788593750004 0.14810988125 0.44618892656250003 0.10494010625000001 0.48088008125000004 0.198651240625 0.53018689375 0.1990159953125 0.53015510625 0.252127303125 0.47960400468750003 0.2521452046875 0.47883788593750004
1 0.358479265625 0.4056089703125 0.26823186250000003 0.370989140625 0.23010251249999997 0.39477779218750003 0.3217734546875 0.44479185 0.324397546875 0.44456315625 0.35843479375 0.40751220468750005 0.358479265625 0.4056089703125
1 0.259449546875 0.36671764218749997 0.19508696406249998 0.35078896249999997 0.168745609375 0.37384795937500004 0.2256174921875 0.39717337656249996 0.2286071625 0.3969128234375 0.259410259375 0.36839910625 0.259449546875 0.36671764218749997
1 0.6868112453124999 0.32127239531249996 0.5737222125 0.3088311015625 0.55376385625 0.32575167656250004 0.6648636578125 0.34800389374999996 0.6689787765624999 0.3476452546875 0.6867913734375 0.3221228453125 0.6868112453124999 0.32127239531249996
1 0.835559946875 0.3708731328125 0.8355960937500001 0.3693260578125 0.699898396875 0.318528196875 0.683379190625 0.3344962078125 0.683378328125 0.3345331296875 0.8141095 0.401884128125 0.8163157468750001 0.40169185 0.835559946875 0.3708731328125
1 0.8400387890625 0.3128485125 0.723892125 0.27060230937499996 0.7092296359375 0.2921349984375 0.8255174125 0.338669259375 0.8258018015624999 0.3386444734375 0.8399830078124999 0.31523586875 0.8400387890625 0.3128485125
1 0.7191140218750001 0.27360069375 0.611348096875 0.2754571234375 0.5961634499999999 0.294807625 0.6940356953125 0.2925739546875 0.707465275 0.29140354999999996 0.7191140218750001 0.27360069375
1 0.8566308828125001 0.2710467453125 0.74372539375 0.25336516875 0.7274008171874999 0.2695248984375 0.8397381812500001 0.2923199265625 0.8484664203125 0.29155925 0.856569915625 0.2736559453125 0.8566308828125001 0.2710467453125
0 0.7429430375 0.25801786875 0.660329559375 0.2259078375 0.6247412078125001 0.24254771874999997 0.7127599140624999 0.2862755671875 0.71360934375 0.2862015390625 0.7429244640625 0.258812821875 0.7429430375 0.25801786875
0 0.1503738796875 0.423620278125 0.0574530703125 0.40971800468749997 0.0195792734375 0.4447237890625 0.10740174843750001 0.466585653125 0.1107541671875 0.46629348593750003 0.1503599234375 0.424217596875 0.1503738796875 0.423620278125
0 0.3213388953125 0.515595096875 0.267182559375 0.5824266484375 0.43386767031250006 0.65277843125 0.484011259375 0.5800404109375 0.484015271875 0.5798686656250001 0.3213388953125 0.515595096875
0 0.28492115625 0.30956261875 0.27922791406249997 0.31005879375 0.2528449890625 0.329188671875 0.324731484375 0.341869975 0.3283398078125 0.34155550468749996 0.35594784687500003 0.31345565937500003 0.3559498484375 0.3133699375 0.28492115625 0.30956261875
0 0.44120531406249996 0.273463996875 0.3447503265625 0.2747936203125 0.3392068203125 0.27527674375 0.323440734375 0.3012501890625 0.32343522187499996 0.3014861734375 0.406533928125 0.305185975 0.41380352656249997 0.30455242031249996 0.441184596875 0.27435062656250003 0.44120531406249996 0.273463996875
1 0.49318653125 0.25418481875 0.41542835 0.2465644078125 0.402034221875 0.25583705 0.461496309375 0.26928560468749996 0.4689378515625 0.268637065625 0.4931679625 0.2549794875 0.49318653125 0.25418481875
0 0.6396805703124999 0.4002814609375 0.5099571390625 0.34887122812500004 0.4843297921875 0.36942957656250003 0.604428446875 0.43415774999999995 0.608230925 0.43382635937499997 0.6396352390625 0.40222158124999996 0.6396805703124999 0.4002814609375
0 0.8077194890625 0.426267665625 0.648121884375 0.3757526265625 0.62526155625 0.405562675 0.7873532484375 0.475769721875 0.789593453125 0.47557448437499994 0.8076267781249999 0.43023548749999996 0.8077194890625 0.426267665625