0 0.10088463125 0.3845380328125 0.047297098437500004 0.41365174531250004 0.1247013578125 0.46658584375 0.18722014375 0.43614874062500003 0.10088463125 0.3845380328125
0 0.31300194375 0.30381361562500003 0.2827380734375 0.3260581984375 0.35616970000000003 0.3593943765625 0.38668479843750003 0.332927328125 0.31300194375 0.30381361562500003
0 0.5318176953125 0.3911548109375 0.5109781453125 0.4096816921875 0.6427141609375 0.4652624515625 0.67471778125 0.42953196250000003 0.5318176953125 0.3911548109375
0 0.6791834078125001 0.4308553546875 0.6583438578125 0.45996906718749997 0.821339265625 0.5129031046875 0.8399460031249999 0.471879290625 0.6791834078125001 0.4308553546875
0 0.44176091875 0.293226784375 0.3784978375 0.28396334375 0.3531925921875 0.2998435609375 0.43506247656249997 0.32234049531250003 0.46781038906249994 0.30381361562500003 0.44176091875 0.293226784375
0 0.3531925921875 0.5248132671875 0.30258216875 0.5711306484375 0.45887913437499994 0.6889088859375 0.520653628125 0.6227413546875 0.3531925921875 0.5248132671875
1 0.19763991875 0.6545017890625 0.1001404046875 0.7299328218750001 0.2899295796875 0.941668971875 0.382219171875 0.8159506249999999 0.19763991875 0.6545017890625
1 0 0.626711409375 0.0249689609375 0.653178396875 0.11056017968750001 0.587010865625 0.027157715625000002 0.5066137546875 0 0.5234899953125 0 0.626711409375
1 0.183498740625 0.43482540937499997 0.1366096515625 0.46261578906249995 0.22443368437500003 0.5287833203125001 0.277276921875 0.483789453125 0.183498740625 0.43482540937499997
1 0.29290661875 0.376597925 0.2475061171875 0.39909491875 0.34872696406250003 0.44408884843749996 0.3889176125 0.41629846875 0.29290661875 0.376597925
1 0.6129432875 0.5023163328125 0.5779625609375 0.54334026875 0.8012439421875 0.6346515187499999 0.8138966 0.5856874734375 0.6129432875 0.5023163328125
1 0.75956470625 0.744489646875 0.520653628125 0.6174479078124999 0.46334476249999995 0.683615440625 0.7342595281250001 0.86491466875 0.75956470625 0.744489646875
1 0.61145476875 0.4996696703125 0.46483328124999995 0.43614874062500003 0.43059684843749996 0.4732025609375 0.5749854531249999 0.5420168765625 0.61145476875 0.4996696703125
1 0.7417021953125 0.32895727343750003 0.7290496734375 0.34880754375 0.858552875 0.383214703125 0.8704611703125 0.3607177078125 0.7417021953125 0.32895727343750003
1 0.709698575 0.3620410390625 0.6910918390624999 0.38718475625000004 0.8481330312500001 0.44011879374999996 0.8622741406250001 0.40835835937500004 0.709698575 0.3620410390625
1 0.7104428015625001 0.36336443125 0.6144318078125 0.3342506578125 0.5928479624999999 0.36336443125 0.6955574671875 0.383214703125 0.7104428015625001 0.36336443125
1 0.765518921875 0.30116689375 0.756587665625 0.3183704421875 0.8771596109375001 0.34616082187499997 0.8860908656250001 0.3210171640625 0.765518921875 0.30116689375
0 0.67843918125 0.2680831265625 0.6531339359375 0.293226784375 0.7543548515625 0.3210171640625 0.767751734375 0.293226784375 0.67843918125 0.2680831265625
1 0.5072567453125 0.2694064578125 0.4871614203125 0.294550115625 0.5586114624999999 0.3183704421875 0.5883823359375 0.2998435609375 0.5072567453125 0.2694064578125
1 0.5935922578125 0.9959264624999999 0.3831845 0.82208994375 0.28918528593750004 0.9429923640625001 0.3383071890625 0.9919564078124999 0.5935922578125 0.9959264624999999
1 0.2214565765625 0.34616082187499997 0.1954071046875 0.3593943765625 0.24676182343750003 0.39909491875 0.29216239375 0.3792446484375 0.2214565765625 0.34616082187499997
1 0.4715317234375 0.36601109374999996 0.3807306515625 0.33822071249999996 0.36510095468750003 0.3527775984375 0.4387838109375 0.38983141875 0.4715317234375 0.36601109374999996
1 0.438039515625 0.2561729640625 0.42315411249999996 0.2680831265625 0.48567289999999996 0.294550115625 0.5050239296875 0.2733765125 0.438039515625 0.2561729640625