1 0.4506074296875 0.892209303125 0.33061510312500003 0.7467442625 0.2649506640625 0.785843215625 0.367031778125 0.9785271812499999 0.367382484375 0.978543475 0.4506615140625 0.8945273031250001 0.4506074296875 0.892209303125
1 0.5500237109375 1 0.461552534375 0.8865832843750001 0.38339953125 0.9758228062500001 0.3930856484375 0.9928064671874999 0.47937358750000003 1 0.5500237109375 1
1 0.737312009375 0.8539545234375 0.7371937281250001 0.8488850875 0.5439784484375 0.7475451828125 0.5109204671875001 0.79757214375 0.5109447281249999 0.7986119734375 0.722449375 0.9311126265624999 0.7250922140625 0.93123541875 0.737312009375 0.8539545234375
1 0.7736714874999999 0.737538796875 0.630568915625 0.6449167375 0.6073148859375 0.6751496765625 0.7491199984375 0.788903425 0.749908225 0.7889400484375 0.7737317406249999 0.7401213 0.7736714874999999 0.737538796875
1 0.626285528125 0.650775884375 0.5188397171875 0.5960893515625 0.494891553125 0.622708734375 0.5981395015625 0.68209834375 0.6005154765625 0.6822087359375 0.6263252984375 0.6524804359374999 0.626285528125 0.650775884375
1 0.7005933062499999 0.5530309796874999 0.6342594125 0.5310518281250001 0.6152353609375 0.535127346875 0.67870588125 0.5782553609375001 0.6815733578125001 0.578388590625 0.70061249375 0.5538533718750001 0.7005933062499999 0.5530309796874999
1 0.809377934375 0.5931345234375 0.7120452671875 0.5573871859375 0.6897799203125 0.5731285984375 0.7937963531250001 0.6147871609375 0.8006787359375 0.6151069328125 0.809512984375 0.598922790625 0.809377934375 0.5931345234375
1 0.7169581015625 0.5175214140625 0.64442465625 0.499797934375 0.6360040875 0.508473071875 0.7123555453125 0.539279040625 0.7146438296875 0.5393853609375 0.7171065359375 0.5238832390625 0.7169581015625 0.5175214140625
1 0.8148185078125 0.55835244375 0.7262303859375 0.5227076578125 0.716393253125 0.5341261359375 0.801812975 0.5792975375 0.805655628125 0.579476075 0.8148716437499999 0.56062983125 0.8148185078125 0.55835244375
1 0.82645935 0.521348490625 0.7383414890625 0.508030746875 0.72911119375 0.5232132265625 0.8086554609375 0.5390756953125 0.8120567843750001 0.5392337281249999 0.8264823265624999 0.5223331640625 0.82645935 0.521348490625
1 0.199703815625 0.6058806718749999 0.1554599625 0.562527159375 0.10642023281249999 0.587401215625 0.1450617046875 0.6438958593749999 0.1477075015625 0.644018790625 0.199703815625 0.6058806718749999
1 0.2579266546875 0.6728793953125 0.257918246875 0.672519021875 0.1956949625 0.6175695984375 0.19856743906250002 0.612274834375 0.1424071765625 0.6534534437499999 0.20496737187499997 0.7168441859375 0.20631483281250002 0.716906790625 0.2579266546875 0.6728793953125
1 0.31986337656249997 0.56081208125 0.277728484375 0.580203403125 0.336382353125 0.6401082921875 0.3756196984375 0.6258591421874999 0.3755938953125 0.6247533109375001 0.31986337656249997 0.56081208125
1 0.4556787953125 0.573641125 0.3991065546875 0.5297200546874999 0.3744987 0.5361978921875 0.42681879531250005 0.58682198125 0.42846142656249997 0.5868983 0.45570087968750006 0.5745876156249999 0.4556787953125 0.573641125
1 0.39048745 0.5261871390625 0.390471140625 0.525488103125 0.3468886953125 0.5011764328125 0.32928696562500004 0.515798228125 0.32931211562499996 0.516876165625 0.3577515046875 0.5399547515625 0.35855688125 0.5399921703125 0.39048745 0.5261871390625
0 0.3099227640625 0.5567359109375001 0.26414015156250004 0.52816001875 0.22558611874999998 0.5488199078125 0.282455125 0.5847921734375 0.28355308125 0.5848431859375001 0.3099522734375 0.5580006656250001 0.3099227640625 0.5567359109375001
0 0.46490528906249995 0.5001498984375 0.4089681109375 0.48442012968750003 0.39375779375 0.49582730625 0.4389005 0.5140999125 0.4432901 0.5143038640625 0.46490649531250006 0.5002016031250001 0.46490528906249995 0.5001498984375
0 0.5205260875 0.5393586484374999 0.46632460781249996 0.5041122015624999 0.439199409375 0.5172862828125 0.4900642796875 0.5554576390625 0.49200377968750003 0.555547753125 0.5205394625 0.5399318421875 0.5205260875 0.5393586484374999
0 0.5127519515625 0.4749070671875 0.45583414062500005 0.460934009375 0.43830272968750006 0.47362103125 0.48925445156249997 0.49149193125 0.4917936015625 0.4916099046875 0.5127519515625 0.4749070671875
1 0.5698755671875 0.5107536046875001 0.5195821234375 0.4796625625 0.498385825 0.4873115125 0.5345431359374999 0.5232213578125 0.5351868890625 0.5232512671875 0.56989788125 0.5117099140625 0.5698755671875 0.5107536046875001
1 0.5378954421875 0.4700031625 0.581548621875 0.487984025 0.58556920625 0.48817083125 0.59881183125 0.47812609375 0.5987913046875 0.47724633125000004 0.5378954421875 0.4700031625
0 0.74152635 0.4986547484375 0.6655989765625 0.4730995203125 0.6466467437500001 0.487419028125 0.7175117156249999 0.522367171875 0.7202487625 0.5224943421875 0.741580925 0.5009938 0.74152635 0.4986547484375