0 0.4090129375 0.6425916265625 0.36882228906250003 0.67567533125 0.47971875312499995 0.7736034187499999 0.5236307359375 0.72596276875 0.4090129375 0.6425916265625
0 0.53926043125 0.5420168765625 0.5139551859375 0.561867146875 0.61368758125 0.6015676921875001 0.6367599453125 0.5790707562499999 0.53926043125 0.5420168765625
0 0.765518921875 0.6227413546875 0.6409970015625001 0.578042325 0.61368758125 0.6002443000000001 0.735003753125 0.65185500625 0.765518921875 0.6227413546875
0 0.6434583875000001 0.46790917500000007 0.6220237859375 0.4907407390625 0.69853450625 0.5049629953125 0.7082099875 0.47849600625 0.6434583875000001 0.46790917500000007
0 0.22666649843750003 0.52746005 0.1901971828125 0.54863359375 0.24899463593750001 0.5896575281249999 0.2839753640625 0.56054375625 0.22666649843750003 0.52746005
0 0.3755207296875 0.4705558984375 0.35528271562499997 0.486772484375 0.40975722968749995 0.5208432125 0.43506247656249997 0.5102564421875 0.3755207296875 0.4705558984375
0 0.42613122031249995 0.458645734375 0.40885414375 0.4689153421875 0.44399373124999997 0.4943762234375 0.47525312499999994 0.471879290625 0.42613122031249995 0.458645734375
1 0.595080778125 0.641268234375 0.485863071875 0.58399470625 0.467066096875 0.6134778546875 0.56977553125 0.6717052781249999 0.595080778125 0.641268234375
1 0.7417021953125 0.7074357671875 0.5918898578125 0.6395502625 0.5712641203125 0.67038200625 0.7283053125000001 0.7577232031250001 0.7417021953125 0.7074357671875
1 0.703744359375 0.8516811140625 0.5280963625 0.7272860375 0.4864171953125 0.7881602437499999 0.6799277703125 0.9310822015625 0.703744359375 0.8516811140625
1 0.5199094015625 0.9972497328125 0.415550571875 0.8816137546875 0.3390514828125 0.96813608125 0.350959778125 0.9866629625 0.5199094015625 0.9972497328125
1 0.672484965625 0.5420168765625 0.6590880828125 0.559220484375 0.7670075093750001 0.6028910828125 0.7804043921875 0.568483865625 0.672484965625 0.5420168765625
1 0.288440990625 0.747136309375 0.22135414375 0.8062169296875 0.34500563125 0.96813608125 0.415711378125 0.8807948859374999 0.288440990625 0.747136309375
1 0.1209799546875 0.5711306484375 0.074032715625 0.5899470874999999 0.106094553125 0.64656168125 0.16563623125 0.6187712999999999 0.1209799546875 0.5711306484375
1 0.166380525 0.6187712999999999 0.109747 0.64748676875 0.161170603125 0.7339028765625 0.22815501875000002 0.6942023328125 0.166380525 0.6187712999999999
1 0.586149521875 0.5261366578125 0.6613208984375001 0.559220484375 0.6732293281249999 0.5459869312500001 0.6025235125 0.51819655 0.586149521875 0.5261366578125
1 0.7908240984375 0.532753375 0.6948131046875 0.50893305 0.6873061421875 0.5216485078125 0.7729615890625 0.552603646875 0.7908240984375 0.532753375
1 0.28174255000000004 0.568483865625 0.24973893125000002 0.592304190625 0.31300194375 0.6439148968749999 0.3531925921875 0.6134778546875 0.28174255000000004 0.568483865625