1 0.2839753640625 0.7537531468750001 0.22220087031250002 0.8027170703125 0.3390514828125 0.98004624375 0.415711378125 0.88211815625 0.2839753640625 0.7537531468750001
1 0.5184208124999999 0.9946030703125001 0.4200148578125 0.8855820078125 0.34649415 0.9840163000000001 0.35691399375 0.9998965171875 0.5184208124999999 0.9946030703125001
1 0.5191651078125 0.7339028765625 0.47916664375 0.78240740625 0.6762063687500001 0.9284355390625001 0.7000230937499999 0.84638766875 0.5191651078125 0.7339028765625
1 0.5891266296875 0.6439148968749999 0.56977553125 0.678322115625 0.7230954578125 0.7656633109375 0.7417021953125 0.71008255 0.5891266296875 0.6439148968749999
1 0.595080778125 0.641268234375 0.4879057140625 0.5909809187499999 0.46334476249999995 0.6187712999999999 0.5667984921875 0.6743520609375 0.595080778125 0.641268234375
1 0.6025235125 0.5221666046875 0.5839167078124999 0.5287833203125001 0.651645415625 0.564513809375 0.6702521531250001 0.535400159375 0.6025235125 0.5221666046875
1 0.7804043921875 0.5737773109375001 0.680671996875 0.54334026875 0.6583438578125 0.56054375625 0.767751734375 0.5975976375000001 0.7804043921875 0.5737773109375001
1 0.6151761015625 0.48775950625000003 0.6063987859375 0.49669311875 0.6836490359375 0.5261366578125 0.6881146640625 0.503639725 0.6151761015625 0.48775950625000003
1 0.693324653125 0.5115798328125 0.6845237859375 0.524470896875 0.7759387640625001 0.5578970937500001 0.7848700203125001 0.53407676875 0.693324653125 0.5115798328125
1 0.7104428015625001 0.48908277812499995 0.69927873125 0.503639725 0.7796600296875 0.5248132671875 0.7975225390625 0.5076097796875 0.7104428015625001 0.48908277812499995
1 0.12916698437500002 0.5751007031250001 0.0773809296875 0.5978835953125 0.11056017968750001 0.6571484515625 0.1686133390625 0.6200945703125 0.12916698437500002 0.5751007031250001
1 0.1641477125 0.7272860375 0.22443368437500003 0.6889088859375 0.17224699999999998 0.6276455000000001 0.176056075 0.6227413546875 0.11279299375 0.6571484515625 0.1641477125 0.7272860375
1 0.2839753640625 0.565837203125 0.245273303125 0.59362758125 0.31076912968750003 0.641268234375 0.3479827390625 0.6187712999999999 0.2839753640625 0.565837203125
1 0.363612434375 0.53407676875 0.3407737875 0.54629629375 0.40082597499999995 0.5843640812500001 0.426875446875 0.564513809375 0.363612434375 0.53407676875
1 0.3159790515625 0.5062863875 0.29947914375 0.524470896875 0.330864453125 0.54334026875 0.362123846875 0.5234899953125 0.3159790515625 0.5062863875
0 0.23857486093750002 0.535400159375 0.196800571875 0.552248675 0.24825034218750003 0.59362758125 0.2802540296875 0.568483865625 0.23857486093750002 0.535400159375
0 0.43580670312500003 0.500992940625 0.382219171875 0.48114266875 0.3653838359375 0.4913060671875 0.41050152500000003 0.5142264953125 0.43580670312500003 0.500992940625
0 0.491627046875 0.5248132671875 0.43208536875 0.503639725 0.40826871093749995 0.5234899953125 0.4655775765625 0.54863359375 0.491627046875 0.5248132671875
0 0.4291082609375 0.45732234375 0.409970215625 0.4689153421875 0.46036765468749996 0.49040616875 0.48418437968749994 0.474525953125 0.4291082609375 0.45732234375
1 0.542981765625 0.4970228859375 0.488095215625 0.47685184999999997 0.46855468437500003 0.48908277812499995 0.5094895578124999 0.5168731578125 0.542981765625 0.4970228859375
1 0.511532715625 0.4570105796875 0.553401609375 0.4824660609375 0.5712641203125 0.4732025609375 0.511532715625 0.4570105796875
0 0.63601571875 0.46261578906249995 0.6175595015625001 0.4788359765625 0.6910918390624999 0.5076097796875 0.714164203125 0.48114266875 0.63601571875 0.46261578906249995