0 0.3740188265625 0.632802459375 0.345147190625 0.680563 0.48034387343749996 0.7184300265625 0.5074289296875001 0.6583521890624999 0.5070909718750001 0.65569688125 0.3740188265625 0.632802459375
0 0.5998499359375 0.50950095 0.5070525515625001 0.47887061875 0.479706953125 0.5003698421875 0.5728724609375 0.532940709375 0.5772783296874999 0.5316682265625 0.5999441812499999 0.5102414203125 0.5998499359375 0.50950095
0 0.7320907328125 0.48329426093750005 0.5996941875 0.5083695640625 0.582088128125 0.541505390625 0.7095967828124999 0.5245935562499999 0.7147240015625 0.5231127375 0.7321678671875 0.483900296875 0.7320907328125 0.48329426093750005
0 0.6606328984375 0.3783751453125 0.5955889609375 0.3878533609375 0.57747155625 0.4162070921875 0.654302234375 0.40665767812500003 0.6555584875 0.406294853125 0.6609264734375 0.3806817421875 0.6606328984375 0.3783751453125
0 0.2471447734375 0.57889015 0.1871824265625 0.5638783234375 0.153436940625 0.5947241296875 0.211867175 0.615405821875 0.22062222656250002 0.6128772328125 0.24733611562500002 0.5803935046875 0.2471447734375 0.57889015
0 0.3901288625 0.48491945468750003 0.3278304609375 0.46843721250000003 0.3106505125 0.490592328125 0.3701012578125 0.504309609375 0.370786553125 0.5041116859375 0.39055734062499997 0.48828598437500004 0.3901288625 0.48491945468750003
0 0.42482255 0.4404775640625 0.37785532499999996 0.44013555625 0.3614767203125 0.4544926 0.39780286875000004 0.469839225 0.39986122343749997 0.4692447421875 0.42520476250000006 0.443480571875 0.42482255 0.4404775640625
1 0.5672621140625 0.570488465625 0.4547887390625 0.5407814578125001 0.4380304234375 0.5739811171875 0.5449559749999999 0.6063992484375 0.5449593953125 0.6063982593749999 0.56743561875 0.571851684375 0.5672621140625 0.570488465625
1 0.7206557015625 0.5836666375 0.7191765984375 0.5720454375 0.55542288125 0.5843420140625 0.54617835625 0.620413734375 0.5463057578125 0.6214147125 0.7203571390625 0.622693653125 0.72345198125 0.621799815625 0.7206557015625 0.5836666375
1 0.531978025 0.6537447015625 0.5311597703125 0.6539810265625 0.4855310078125 0.718365865625 0.668801359375 0.8415564765625 0.66949235 0.8413569078125 0.6981402046875 0.7618349828125 0.69787113125 0.7597208828124999 0.531978025 0.6537447015625
1 0.53817275 0.9252663140624999 0.5379470468750001 0.9234929609375 0.4150833109375 0.8531054875 0.35627518125 0.9614179953124999 0.358773603125 0.9635719296874999 0.4274874046875 0.957962871875 0.43749269062499996 0.9550731953125 0.53817275 0.9252663140624999
1 0.7439705171875 0.44982180781250003 0.6360459140625 0.44381496406250004 0.6229012953125 0.46326547968750004 0.730277209375 0.48592281875000004 0.7323160625 0.4853339671875 0.7442014796875001 0.45163645625 0.7439705171875 0.44982180781250003
1 0.2984882609375 0.747649784375 0.29691065 0.748105421875 0.2257458578125 0.8116875921875 0.3348111234375 0.9629305546875001 0.33601372343749997 0.962583225 0.4133950875 0.8706181296875 0.413334221875 0.8701399109375 0.2984882609375 0.747649784375
1 0.095047209375 0.6351317796875 0.094219396875 0.635370865625 0.046611553124999996 0.65845875625 0.0744108546875 0.7111588421875 0.0776553734375 0.7102217765625001 0.1355549109375 0.6785819515625 0.13537589375 0.6771754234375 0.095047209375 0.6351317796875
1 0.20929921562499998 0.71269796875 0.128119259375 0.673009353125 0.0821811328125 0.7242574046875 0.15598056875 0.7779088296875 0.1578886875 0.7773577375 0.2093486625 0.7130864671875 0.20929921562499998 0.71269796875
1 0.6344788703125 0.453511821875 0.56063228125 0.44714648281249997 0.5452896109375 0.45949005625000006 0.6209364125 0.46923371718749995 0.625302615625 0.4679726921875 0.6344788703125 0.453511821875
1 0.7501705171874999 0.4097669984375 0.7501316890624999 0.4094619328125 0.6528567703125 0.409001834375 0.652526959375 0.4090970890625 0.64594520625 0.4231766171875 0.73112118125 0.4327395765625 0.7348579 0.4316603546875 0.7501705171874999 0.4097669984375
1 0.322820196875 0.6028166140625 0.3227388578125 0.6021775484375 0.24141287031249997 0.5940558515625 0.21804895468750002 0.6292707703125 0.218132859375 0.6299300015625 0.2910680421875 0.6470279609375 0.29460796093749997 0.6460055796875 0.322820196875 0.6028166140625