1 0.3996742890625 0.8133382062500001 0.25705636875 0.7007615687500001 0.1997058359375 0.7567516109375 0.3312745015625 0.9192720281250001 0.33207321093750003 0.9193469703125 0.3996742890625 0.8133382062500001
1 0.47158820312499994 0.9576985812500001 0.47170006249999996 0.956782909375 0.40642549843750003 0.8360978109375001 0.31114467968750004 0.916824065625 0.317421840625 0.9346224609375 0.41085955781249994 0.9520003750000001 0.47158820312499994 0.9576985812500001
1 0.6844502765625 0.809655875 0.5038988062499999 0.7024517546875 0.46384545 0.7522642421875 0.6592874125 0.89163400625 0.6614793531250001 0.891839678125 0.683970215625 0.813585609375 0.6844502765625 0.809655875
1 0.73686175 0.7020771671875 0.6073400734375001 0.6028712453125 0.57970523125 0.63198485625 0.7048562796875 0.7522387765625 0.7056385921875 0.75231218125 0.736546271875 0.7046596640625 0.73686175 0.7020771671875
1 0.60220751875 0.6085238953125 0.5027973390625 0.5488777687499999 0.47499456406249996 0.5743493453124999 0.5695258265625001 0.6384973078125 0.571883971875 0.6387185734374999 0.601999290625 0.6102284421874999 0.60220751875 0.6085238953125
1 0.6887336234375 0.5045681859375 0.6215471640625 0.4945936625 0.6030333 0.5020937640625001 0.6664264671875 0.53233700625 0.6725721015625 0.5329136546875 0.688496690625 0.5065076890625 0.6887336234375 0.5045681859375
1 0.7968942859375 0.5449713359375 0.695434171875 0.5282284890625 0.674998596875 0.5483236 0.7729284765625 0.5675909875 0.7884239 0.5690449328125 0.7964001171875 0.5490165671875 0.7968942859375 0.5449713359375
1 0.7116936484374999 0.48377714687499995 0.6446533343749999 0.455438996875 0.6341960906249999 0.46267728124999996 0.7010965015624999 0.504014075 0.704294059375 0.504314103125 0.7111693421874999 0.4880690859375 0.7116936484374999 0.48377714687499995
1 0.8042855046874999 0.5101839874999999 0.7123128859375 0.49694253125000004 0.7044218796874999 0.5106851609375 0.7898469968749999 0.532866015625 0.79846483125 0.5336746328124999 0.8035110203125001 0.5165238640625 0.8042855046874999 0.5101839874999999
1 0.7411479078125 0.461986865625 0.7263276875 0.4730117359375 0.7966513828124999 0.5145588515624999 0.7974586343750001 0.5146345953125 0.8192453171875 0.5029186359375 0.741537284375 0.4620234 0.7411479078125 0.461986865625
1 0.180972103125 0.5464071406250001 0.1811535640625 0.544921709375 0.146463690625 0.498534103125 0.0930685046875 0.518239628125 0.09300601562500001 0.5187511453125 0.12045156093750001 0.5789935703125 0.12168540624999999 0.579109340625 0.180972103125 0.5464071406250001
1 0.23048457187500002 0.6168592140625 0.2306440796875 0.6155534874999999 0.1801214078125 0.5554809140625 0.18402083593750002 0.550516321875 0.1200792734375 0.5857740546875 0.16963330625 0.6546544140624999 0.1713933734375 0.6548195625 0.23048457187500002 0.6168592140625
1 0.36415896718749996 0.5512753140625 0.29432481250000003 0.508597284375 0.25924995625 0.54201296875 0.3273473703125 0.5778823046875 0.33149934375 0.5782718859375 0.364111875 0.5516608140625 0.36415896718749996 0.5512753140625
1 0.44463529062499996 0.52143806875 0.389765353125 0.47902168749999996 0.36472895156249996 0.4865396875 0.4144461265625 0.53553316875 0.41521368125 0.5356051890625 0.44463529062499996 0.52143806875
1 0.38428861875 0.46364534375 0.3381041 0.45133694843749994 0.32289202499999997 0.471127415625 0.35283752343749997 0.48554594062499995 0.35678741875000003 0.4859165609375 0.3841334390625 0.4649156296875 0.38428861875 0.46364534375
0 0.2670854296875 0.471184559375 0.2647024265625 0.470960959375 0.22191558437499997 0.477443103125 0.26037815468750003 0.5289708859375 0.262262190625 0.5291476671875001 0.298184371875 0.5127145203125 0.298230015625 0.5123408734375 0.2670854296875 0.471184559375
0 0.458669921875 0.45910608125 0.41463128125 0.42675810781249995 0.39553390624999996 0.432125684375 0.431865909375 0.46612158593749997 0.43247075625000003 0.46617834062499997 0.45849492343750003 0.46053860625 0.458669921875 0.45910608125
0 0.5129212546875 0.49076615625000003 0.46330033125 0.45397394999999996 0.43447576874999994 0.46636634062500004 0.479642740625 0.5053381609375001 0.48344397656250004 0.5056948328125 0.51283653125 0.49145969999999994 0.5129212546875 0.49076615625000003
0 0.5125208 0.438048525 0.4648157140625 0.406789665625 0.44309467812500003 0.412929596875 0.48333820781250003 0.44569043124999996 0.48800070937499995 0.4461279171875 0.5125208 0.438048525
1 0.5660199484375 0.46757011249999997 0.5220204671875 0.4316413078125 0.4994442109375 0.4371232265625 0.5273966359375 0.47508529375 0.532702884375 0.4755831828125 0.5659239875 0.46835564375 0.5660199484375 0.46757011249999997
1 0.5409030296874999 0.4203430453125 0.579514396875 0.44366308906249996 0.5847329703125 0.4441527515625 0.59968743125 0.4362784890625 0.5997561515625 0.4357159515625 0.5409030296874999 0.4203430453125
0 0.7406203546875 0.46557655000000003 0.669923271875 0.43103355781249997 0.648061303125 0.442976775 0.7111817171875 0.486014753125 0.7135058796875 0.4862328296875 0.740498634375 0.4665729359375 0.7406203546875 0.46557655000000003