0 0.43324740312500004 0.637648515625 0.43192798593750004 0.637717678125 0.40031643125 0.67797410625 0.52900543125 0.750120528125 0.530540878125 0.7500400421875 0.56060786875 0.69834275 0.5603294734375 0.6939975578124999 0.43324740312500004 0.637648515625
0 0.66397451875 0.551593115625 0.5644893078125001 0.52352889375 0.5412425828125 0.5455225234375 0.6401913 0.575104578125 0.6458717796875 0.5748068156249999 0.6640880296875 0.5533647765625 0.66397451875 0.551593115625
0 0.7960753281249999 0.5844221390625 0.7960696921875 0.5843341765625001 0.6661572375 0.5573970874999999 0.6425042875 0.5831724640625 0.642506478125 0.5832066703125001 0.7684571796874999 0.6169442328125 0.770812496875 0.616820771875 0.7960753281249999 0.5844221390625
0 0.7298848359375001 0.455815371875 0.666987859375 0.4410105015625 0.6442373484374999 0.4623042203125 0.7192085609375 0.4816690765625 0.7199656609375 0.48162939062500004 0.7300543703125 0.45846146406250005 0.7298848359375001 0.455815371875
0 0.30913056562499996 0.5623823296875 0.25754263437499997 0.5224605875 0.21862685937499998 0.5383622124999999 0.2695184578125 0.5851353546875 0.275585196875 0.5848173453125 0.309224090625 0.5638420765625 0.30913056562499996 0.5623823296875
0 0.4565915328125 0.492711946875 0.39615334375 0.46119451875 0.377915053125 0.4794488375 0.43570899531249996 0.5074955578125 0.4363961484375 0.5074595390625001 0.45681576875 0.49621179218749994 0.4565915328125 0.492711946875
0 0.4933111015625 0.454686371875 0.44635377187499997 0.444667775 0.42975084218750004 0.4558343234375 0.4617117828125 0.47636801875 0.47086851406249997 0.47588803593750006 0.49349580625 0.45756924374999997 0.4933111015625 0.454686371875
1 0.6268761390625001 0.6081519453124999 0.50803000625 0.574929534375 0.49614265937499996 0.6076964765625 0.6070745203125 0.6426357484375 0.6096640796874999 0.6425000078124999 0.6269269921875 0.60894564375 0.6268761390625001 0.6081519453124999
1 0.776798959375 0.67468893125 0.6209948578125 0.6201373421875 0.6034953171875 0.6526692296875 0.7665486125000001 0.72513645625 0.7687375390625 0.725021715625 0.7768430765625001 0.67537753125 0.776798959375 0.67468893125
1 0.7473545859375 0.8262654578124999 0.5697707203125 0.7061002671875001 0.5298364515625 0.767730146875 0.7276252000000001 0.90733039375 0.72763848125 0.907329696875 0.7477638375 0.8326530406250001 0.7473545859375 0.8262654578124999
1 0.5805101031250001 0.9600846046875 0.4535874578125 0.8721790828125 0.399638765625 0.9737542781249999 0.4135776578125 0.9871840109375001 0.4310360359375 0.9865743515625001 0.5806158499999999 0.96173509375 0.5805101031250001 0.9600846046875
1 0.8075572359375001 0.5436197640625 0.70219121875 0.509970925 0.68780111875 0.5262079984375 0.791544653125 0.576570190625 0.7935109703125 0.57646711875 0.807689871875 0.5456899609375 0.8075572359375001 0.5436197640625
1 0.459368846875 0.8783003140625001 0.34080385468749996 0.7370130171875 0.27031894843750004 0.79130305 0.38433523593749996 0.961355846875 0.38467156406249997 0.9613382187499999 0.4594845109375 0.880105615625 0.459368846875 0.8783003140625001
1 0.14779910000000002 0.5730217546875 0.10330557656249999 0.5966568375 0.14176482343750002 0.6496421921875 0.1966897578125 0.616394296875 0.196585909375 0.6147734375 0.14779910000000002 0.5730217546875
1 0.26129053281250003 0.695743103125 0.20325761562500003 0.6180488078125 0.1454393375 0.643776625 0.1927595546875 0.7317152890624999 0.19574701562500002 0.731558690625 0.26136950312499996 0.696975653125 0.26129053281250003 0.695743103125
1 0.6990612359374999 0.5125278046874999 0.6245662265624999 0.5001482109375 0.61031640625 0.5113259609374999 0.686934325 0.5272243359375001 0.69161616875 0.5269789203124999 0.6991352890625 0.5136836359375 0.6990612359374999 0.5125278046874999
1 0.8154208671875001 0.49523492812500003 0.717384525 0.48506195312499994 0.7118733515625 0.49870674531250003 0.7977931765624999 0.5167136265625001 0.8019450765625 0.5164959890625 0.8154749984375 0.4960798265625 0.8154208671875001 0.49523492812500003
1 0.30173191250000003 0.56826611875 0.277878696875 0.6000044109375 0.35336786249999996 0.6321977671875 0.381631975 0.593923840625 0.38146664218750004 0.5913433359375 0.30173191250000003 0.56826611875