0 0.564589678125 0.78163255625 0.4064838453125 0.6697154671875001 0.3507038921875 0.7222616671875 0.515353959375 0.8422105296875 0.517769325 0.8418266781250001 0.5648430624999999 0.7830744296875001 0.564589678125 0.78163255625
0 0.143161709375 0.57436959375 0.1420812578125 0.5745412984375 0.0899291375 0.5955961421875 0.1598213640625 0.6542631640625001 0.1611875609375 0.654046046875 0.2169754234375 0.6219866796875 0.21690574375 0.6215901796875001 0.143161709375 0.57436959375
0 0.4039330203125 0.48857182187500003 0.3196204046875 0.4717951453125 0.29695225625 0.49196674218750003 0.3838317234375 0.5186616109375 0.38397395156249997 0.5186390078125 0.4045424984375 0.4920400390625 0.4039330203125 0.48857182187500003
0 0.38685495 0.42929071093750004 0.3850303109375 0.429580684375 0.360150059375 0.446621671875 0.440515971875 0.46679543749999997 0.442927415625 0.46641220937499994 0.46566027656250003 0.443732503125 0.465219825 0.441226125 0.38685495 0.42929071093750004
0 0.686799071875 0.5228291390625001 0.54018584375 0.5296350609375 0.5268681828124999 0.5672173015624999 0.66566988125 0.5706988890625 0.6745171875 0.5692928703125 0.6873661578125 0.5260561203125 0.686799071875 0.5228291390625001
0 0.8580440843750001 0.5790702421875 0.8541464375000001 0.5568907875 0.6962086921874999 0.5597265625000001 0.670051628125 0.58956775625 0.6701757390624999 0.59027400625 0.860727696875 0.6047807390625 0.86173771875 0.6046202265625 0.8580440843750001 0.5790702421875
0 0.7573286421875001 0.394879946875 0.6695401515625 0.3923587875 0.6538825578125 0.41310424687499997 0.7436164640625 0.4122772875 0.7496002046875 0.41132635000000006 0.7573286421875001 0.394879946875
1 0.45655991562500003 1 0.4615488859375 0.9977949468749999 0.465938428125 0.95844028125 0.465078171875 0.9535450109375001 0.24194341718749998 0.8613937843749999 0.194509653125 0.9641272296875 0.252616534375 1 0.45655991562500003 1
1 0.84185181875 0.8560185125 0.8398965390625 0.84489204375 0.5473562703125 0.80394675 0.5330522796875 0.8804886546875 0.8157015124999999 0.9452754875 0.8196159609375 0.944653403125 0.8538063796875001 0.9293022687500001 0.84185181875 0.8560185125
1 0.8607615531249999 0.6845558328125 0.6374189625 0.6385989046875 0.622118159375 0.6812699265625 0.8497774671875 0.7589045750000001 0.8526218999999999 0.7584525375 0.8609395390625 0.6855686609375 0.8607615531249999 0.6845558328125
1 0.639383309375 0.6491075937499999 0.4969037390625 0.576578559375 0.473322290625 0.5980253281250001 0.604670590625 0.6899186453125 0.6056579546874999 0.6897617312500001 0.6399133671875 0.652123865625 0.639383309375 0.6491075937499999
1 0.8787359406249999 0.4897662109375 0.726934159375 0.480467940625 0.7125486234375 0.5179166765625001 0.86767864375 0.52272229375 0.8736723 0.52176978125 0.879545875 0.4943751203125 0.8787359406249999 0.4897662109375
1 0.7215239718750001 0.48637315625 0.6301092406250001 0.4643621984375 0.6106235875 0.481924596875 0.704883646875 0.5200218 0.70880938125 0.519397921875 0.7218248140625 0.48808509375 0.7215239718750001 0.48637315625
1 0.31961852031250004 0.65694048125 0.21514500625 0.6115905328125 0.1737023671875 0.64424195 0.266107496875 0.7056273 0.271083521875 0.70483650625 0.31970777968749997 0.6574484125 0.31961852031250004 0.65694048125
1 0.1660161375 0.7821139765625 0.08648582187500001 0.712546121875 0.0295236578125 0.7484329328125 0.087438996875 0.8530710609375 0.08801253125 0.8529799140625001 0.1665615171875 0.785217453125 0.1660161375 0.7821139765625
1 0.01171135625 0.6559944671875 0.025938225 0.732683775 0.026660131250000003 0.7325690484375 0.07101275312500001 0.7006118140625001 0.07087278125 0.6998153078125 0.01171135625 0.6559944671875