0 0.3550418234375 0.6571633015625 0.35485116875 0.657199759375 0.2990992703125 0.7114946453125001 0.48176999218749994 0.8049269578124999 0.481957803125 0.80489104375 0.517334759375 0.73937341875 0.51663741875 0.732459590625 0.3550418234375 0.6571633015625
0 0.6598512234375 0.5009215375 0.6326687234375 0.539453184375 0.8111022453125001 0.5774542078125 0.8270656187500001 0.5346434828125 0.6598512234375 0.5009215375
0 0.6490039875 0.51627323125 0.5208872171875 0.48378788437500003 0.4928499765625 0.514386996875 0.6153503875 0.557349634375 0.61842953125 0.55676081875 0.649113371875 0.517357728125 0.6490039875 0.51627323125
0 0.43534138437500003 0.41494920312500005 0.355379325 0.40919729687500006 0.3269185125 0.42634433437499997 0.407008596875 0.44082884375000003 0.41059080625 0.44014382812499997 0.435471034375 0.41623461562499997 0.43534138437500003 0.41494920312500005
0 0.1723769765625 0.5969695859375 0.1005564828125 0.55689525 0.050837668749999995 0.589827484375 0.1177293796875 0.6337448484375 0.1230640578125 0.6327247140625001 0.1725721828125 0.598904959375 0.1723769765625 0.5969695859375
0 0.7349978625 0.36034170312499997 0.6468244828125 0.34844780000000003 0.6276361359375 0.3723554828125 0.7224847390625 0.3773740578125 0.7242609515625 0.377034396875 0.73508576875 0.3612132625 0.7349978625 0.36034170312499997
0 0.3591660390625 0.463371046875 0.29142803281249996 0.44581153906250004 0.2644575359375 0.4652878203125 0.3254149875 0.490831246875 0.328417840625 0.4902570203125 0.3592472890625 0.46417661250000003 0.3591660390625 0.463371046875
1 0.598237228125 0.6117536609374999 0.45943844375 0.547092390625 0.43017056875000004 0.5771539484375 0.5624709218749999 0.65346036875 0.5651357406249999 0.652950784375 0.5983755640624999 0.6131251984375 0.598237228125 0.6117536609374999
1 0.820599303125 0.626872603125 0.594641721875 0.6163070625 0.5762839890625 0.6682873578125 0.81623940625 0.6969244296875 0.820599303125 0.626872603125
1 0.7747203578125 0.9186905718749999 0.7823589515625 0.8299052140625 0.782097653125 0.8273145640624999 0.516211325 0.7587218703125 0.508216434375 0.75033725625 0.47508244062499994 0.8247217203125 0.4750924109375 0.824820584375 0.7422677531249999 0.9269018375 0.7747203578125 0.9186905718749999
1 0.396461109375 0.974957909375 0.2162348 0.81797193125 0.125063509375 0.90583724375 0.203288284375 0.9951289234375 0.384398675 0.9919676296875 0.3967081578125 0.97740729375 0.396461109375 0.974957909375
1 0 0.795370759375 0.027789729687499997 0.8417046078125001 0.02836581875 0.8415944453125 0.11619535 0.780587396875 0.11594826875 0.77813769375 0.0429622578125 0.68571483125 0 0.7055778015625 0 0.795370759375
1 0.185587496875 0.592623496875 0.1846620203125 0.5928004734375001 0.13958615000000002 0.620218765625 0.21443789375 0.687177796875 0.2164367015625 0.6867955703125 0.2715236359375 0.6502326203125001 0.2713323296875 0.648335896875 0.185587496875 0.592623496875
1 0.3728745703125 0.5520104171875 0.2879751140625 0.5180279953125 0.2518984203125 0.5391052484375 0.3354993765625 0.5858468875 0.33910394843749997 0.585157596875 0.37300710000000004 0.5533243953125 0.3728745703125 0.5520104171875
1 0.21417963593749997 0.4995935421875 0.1900182359375 0.5115190703125 0.24288381406249998 0.5535218484375 0.2444378140625 0.5532246796875 0.2812762078125 0.5275778875 0.21523748281250002 0.49939125312500005 0.21417963593749997 0.4995935421875
1 0.69311895 0.4493921796875 0.6015419015625 0.432139678125 0.58248535 0.450602015625 0.668589521875 0.4721154171875 0.6694706984375001 0.4719469125 0.693159971875 0.449798890625 0.69311895 0.4493921796875
1 0.8565856390625 0.41548409218750004 0.7233299093750001 0.38741725625 0.7132307 0.4075702578125 0.8389111093749999 0.4489270109375 0.840569578125 0.4486098671875 0.8567967609375 0.417577265625 0.8565856390625 0.41548409218750004
1 0.861910975 0.37373346875 0.7482168765625 0.34325678437499996 0.7334191328124999 0.3609105921875 0.8470859000000001 0.40201897343750004 0.8484206125 0.40176374062500003 0.86213465625 0.37595116093750003 0.861910975 0.37373346875
1 0.851276296875 0.4573932796875 0.703160665625 0.4496882109375 0.679568634375 0.47324382812500004 0.8374461156249999 0.4867338859375 0.8416598593750001 0.485928103125 0.8514851328124999 0.45946378125000004 0.851276296875 0.4573932796875
1 0.557621396875 0.3824059046875 0.47978981875000004 0.38559510937499997 0.46612065625000004 0.39986858281250004 0.543071365625 0.4085555125 0.5448767265625001 0.408210278125 0.5577557125 0.38373758593749996 0.557621396875 0.3824059046875
1 0.48067712656249995 0.375929759375 0.412116375 0.38107872187499997 0.4002515671875 0.3950634703125 0.460501515625 0.4008908921875 0.4619920875 0.4006058546875 0.4807602078125 0.3767534703125 0.48067712656249995 0.375929759375