0 0.5065917859375 0.7136939390625 0.353262125 0.622311184375 0.29267287343750004 0.6721655921874999 0.46087334375 0.7812240312500001 0.463344940625 0.7810082125 0.5065422859375001 0.7158165140625 0.5065917859375 0.7136939390625
0 0.8304122093749999 0.5429606078125 0.67009221875 0.4977669921875 0.6399137328125 0.534640671875 0.80864731875 0.584238465625 0.813246221875 0.583836890625 0.8303160625 0.5470835109375 0.8304122093749999 0.5429606078125
0 0.6613282359375 0.49113583437499997 0.528168375 0.4771298171875 0.5038261578125 0.5110193765625 0.63128315 0.535881575 0.634454365625 0.535604665625 0.6613282359375 0.49113583437499997
0 0.46123582656249995 0.3839170265625 0.3843702640625 0.37274345000000003 0.354804459375 0.3880066796875 0.43316768437500003 0.40836344062499996 0.43562998750000004 0.40814843125 0.4611699765625 0.386740715625 0.46123582656249995 0.3839170265625
0 0.18491971875 0.5246924078124999 0.18493997812500002 0.523823659375 0.10503200312500001 0.498499065625 0.06131607812499999 0.5396432984375 0.0613097375 0.53991529375 0.1331585078125 0.5684774609375001 0.1403257125 0.5678516234375001 0.18491971875 0.5246924078124999
0 0.7628250078125001 0.36365218125 0.6783836984375 0.3408667453125 0.656325446875 0.3625755234375 0.7484044140624999 0.3792798625 0.7498673390625 0.3791521203125 0.7628084625 0.3643617015625 0.7628250078125001 0.36365218125
0 0.3825226453125 0.41409249218750005 0.31147227499999997 0.4075332125 0.2871930078125 0.43076433124999997 0.3533629859375 0.44647552187499995 0.35347100625 0.446466090625 0.3825212796875 0.4141509859375 0.3825226453125 0.41409249218750005
1 0.6035869125 0.5685949390625 0.45016244843750003 0.543596496875 0.4284710984375 0.5795769953125001 0.576929203125 0.6169294609375 0.5803420906250001 0.6166314484375001 0.6035423140625 0.5705073578125 0.6035869125 0.5685949390625
1 0.812289421875 0.65105929375 0.6009129171875001 0.5936627890625 0.5716949359375 0.6418030406249999 0.79116051875 0.719682696875 0.7938319500000001 0.719449428125 0.8121741218749999 0.6560035171874999 0.812289421875 0.65105929375
1 0.7465905984375001 0.8590939843750001 0.7466217359375 0.857758809375 0.5145205078124999 0.7248939062499999 0.5091875124999999 0.7146082078125 0.458642434375 0.7806569031249999 0.6794150343750001 0.944330821875 0.7179358375 0.94096719375 0.7465905984375001 0.8590939843750001
1 0.3691125921875 0.9222281125 0.36915982812500003 0.9202025468749999 0.1799536171875 0.7765398484375 0.09326930781250001 0.8702030187500001 0.20559649531250002 0.9827739937500001 0.2347143859375 0.980737871875 0.348735375 0.9492380234375 0.3691125921875 0.9222281125
1 0 0.738832534375 0.026225540624999998 0.7740192218749999 0.030500940625 0.773645896875 0.1104714984375 0.7064950421875 0.1105297109375 0.7039988125 0.02910268125 0.6202516250000001 0 0.637235021875 0 0.738832534375
1 0.27730949531250004 0.5770761328125 0.176034771875 0.54999805 0.1387259203125 0.5892908484375 0.2316474828125 0.6299504265625 0.2318018765625 0.62993694375 0.2772836109375 0.5781861109374999 0.27730949531250004 0.5770761328125
1 0.3863922796875 0.5157689796875 0.3049958921875 0.47529734218749997 0.267576178125 0.4939825015625 0.34579663125 0.54679559375 0.3494848625 0.5464735375 0.38638089999999997 0.5162568953125 0.3863922796875 0.5157689796875
1 0.2986259609375 0.46583429218749994 0.226765990625 0.45644350312500004 0.20510629218749998 0.47449372500000003 0.2682322265625 0.5006244546875 0.26836965468749996 0.5006124546875 0.29860180937499997 0.46686993593750004 0.2986259609375 0.46583429218749994
1 0.61756275 0.4302018109375 0.60106528125 0.451201146875 0.690857 0.4587088546875 0.711266665625 0.433645959375 0.711290203125 0.4326366515625 0.61756275 0.4302018109375
1 0.8750635296875 0.43463423125 0.7508199296875 0.3853791203125 0.73754060625 0.40403849531249997 0.8516740515624999 0.46525022656250004 0.853602615625 0.46508182500000006 0.8750314156250001 0.43601135781249994 0.8750635296875 0.43463423125
1 0.8875324359375 0.3682723421875 0.7679123609375 0.3648243015625 0.7568696421875 0.38503526718750003 0.8728391859375 0.398000625 0.8801126343749999 0.3973655078125 0.887427378125 0.3727773109375 0.8875324359375 0.3682723421875
1 0.8661157875000001 0.46071079531250003 0.7173439421875 0.45556385156249996 0.6937998296875 0.47954468281249996 0.8508252093750001 0.490239190625 0.8553982671875 0.489839871875 0.8661157875000001 0.46071079531250003
1 0.5864292375 0.36769769218750004 0.5108154671875 0.3586993046875 0.49511142656249996 0.370891528125 0.568560128125 0.39186946875 0.569686378125 0.391771125 0.5863935890625 0.369226353125 0.5864292375 0.36769769218750004
1 0.512019034375 0.347161940625 0.443479653125 0.35114079062500003 0.43119421874999997 0.36497037187500003 0.484714721875 0.3711616296875 0.49337560468749997 0.3704053640625 0.5120031828125 0.34784162812499997 0.512019034375 0.347161940625
1 0 0.629589090625 0.020395434375 0.621799409375 0.0204143109375 0.6209899875 0 0.5912104734375 0 0.629589090625