0 0.537293825 0.7540174375 0.3911920703125 0.6325201734375 0.3251584171875 0.6777862546875 0.47641364687500004 0.817641803125 0.4783451578125 0.8177317109375 0.537246496875 0.7553718968750001 0.537293825 0.7540174375
0 0.695686615625 0.5636123328125 0.565511259375 0.508015828125 0.5344406640625 0.5276860625 0.6623346421874999 0.59178998125 0.666022696875 0.5919616515625 0.6956694125 0.56410465 0.695686615625 0.5636123328125
0 0.8665689953125 0.6425381515625 0.7146028609374999 0.5623054640625 0.6803993796875 0.5743840375 0.8385608234375 0.69223185625 0.8402622984375 0.6923110546875 0.8665466187499999 0.6431785515625 0.8665689953125 0.6425381515625
0 0.8016809125 0.440176778125 0.7065809984375 0.399643571875 0.6899422328125 0.42799912031250004 0.7815228140625 0.4566343046875 0.7911311609375 0.457081546875 0.8015289484375 0.44452581249999995 0.8016809125 0.440176778125
0 0.43802882656250003 0.46102279687500003 0.357751890625 0.409802171875 0.3335577328125 0.41695125624999996 0.3978897125 0.4794248921875 0.40029014687500003 0.47953662656249996 0.4379958140625 0.4619675859375 0.43802882656250003 0.46102279687500003
0 0.22125346562499998 0.5315014546875 0.1490439265625 0.4835018640625 0.099413840625 0.5111750921875 0.168689809375 0.5625586218749999 0.17136280312500002 0.5626830421875 0.22122325625 0.532366015625 0.22125346562499998 0.5315014546875
0 0.4899976453125 0.40635001875 0.49002233281249996 0.40564350625 0.410734853125 0.3986005828125 0.39093643125 0.4209073015625 0.39092228125 0.4213122734375 0.45640980000000003 0.4399377765625 0.46276807187499996 0.44023373593750004 0.4899976453125 0.40635001875
1 0.90058745625 0.519584246875 0.7838291578125001 0.4638952703125 0.7726150875 0.47355735781249997 0.8834332921874999 0.536419875 0.8883649640625 0.5366494312500001 0.9005260578125001 0.52134139375 0.90058745625 0.519584246875
1 0.9223443609374999 0.47892652968749994 0.9223630187499999 0.478392575 0.8179531828125001 0.43176045625 0.8028930859375001 0.4502549796875 0.8028898046874999 0.4503488578125 0.9029993921875 0.4982462984375 0.9042671062500001 0.4983053078125 0.9223443609374999 0.47892652968749994
1 0.83665984375 0.73742679375 0.636610053125 0.6516489109375 0.5962988578124999 0.68761755 0.8241605218749999 0.805687790625 0.8263025031250001 0.8057874953124999 0.8363919703124999 0.7450930328125 0.83665984375 0.73742679375
1 0.4851790421875 0.5747341484375 0.461758609375 0.6008730859375 0.612613503125 0.670601934375 0.637151175 0.6271373953125 0.637154496875 0.627042340625 0.4851790421875 0.5747341484375
1 0.7746395875000001 0.9454522984375 0.5540314703125 0.7507551046875001 0.48812341718749996 0.809220096875 0.6840815046875 0.99612168125 0.749648590625 0.9957402234374999 0.774509878125 0.949164425 0.7746395875000001 0.9454522984375
1 0.3620097640625 0.9801390812499999 0.3620264375 0.9796619140624999 0.24948615312500003 0.764335534375 0.147175071875 0.8024431140624999 0.19578843125 0.9673129656249999 0.243308321875 0.9834525187500001 0.3518662546875 0.9885056046875 0.3620097640625 0.9801390812499999
1 0.0754579828125 0.7458236890625 0.1459613453125 0.6716603203125 0.14600025625 0.670546746875 0.048570146875 0.59858048125 0.0112974953125 0.6472331 0.011818503125000001 0.6770816109375 0.07194851875 0.745660334375 0.0754579828125 0.7458236890625
1 0.216997503125 0.5326507234375 0.1780593296875 0.5619938656250001 0.2590591859375 0.63960836875 0.31874457968750003 0.6048504140625 0.216997503125 0.5326507234375
1 0.3323179375 0.4857529359375 0.3306511859375 0.4856753546875 0.30327075937500003 0.5052922234375 0.390793953125 0.5556998828124999 0.392505965625 0.5557795718749999 0.41860465781249995 0.5244586828125 0.41866607499999997 0.5227010062499999 0.3323179375 0.4857529359375
1 0.329076071875 0.4900492734375 0.27296121875 0.44651668125 0.24977725 0.44848159218749994 0.28611586718750004 0.507052946875 0.2865771953125 0.5070744203124999 0.329048796875 0.49082986562500003 0.329076071875 0.4900492734375
1 0.6208089703125 0.42329455937500005 0.5499309265625001 0.39393468125000003 0.5308407374999999 0.4087010140625 0.5881190734375 0.4366882578125 0.593526640625 0.43693996718749994 0.620790328125 0.42382809843749997 0.6208089703125 0.42329455937500005
1 0.06106838906249999 0.5941230640625 0.0235534671875 0.5353332234375 0.0101351609375 0.5806429718749999 0.0107204984375 0.614176959375 0.061063340625 0.59426754375 0.06106838906249999 0.5941230640625