0 0.47080588125 0.745316578125 0.3268135359375 0.6304803859375 0.2601866109375 0.6784186328125 0.4104117921875 0.812466496875 0.41140345624999997 0.8126125921874999 0.47013173750000004 0.7489164296874999 0.47080588125 0.745316578125
0 0.6466026421875 0.5994481171875 0.539040253125 0.51299631875 0.5033213265625001 0.5241012578124999 0.607052321875 0.6190206468749999 0.6097340984375 0.619415734375 0.646479471875 0.6001058390625 0.6466026421875 0.5994481171875
0 0.8129744140625 0.647298971875 0.6479458828125 0.6099364390625001 0.6171686281250001 0.630666184375 0.78919451875 0.6998695828125 0.798647934375 0.7012622875 0.8116107093749999 0.6545810078125001 0.8129744140625 0.647298971875
0 0.7700278093749999 0.488630328125 0.6981615890625 0.41678274843749996 0.6714349578125 0.4373252234375 0.7490214843749999 0.5001319265624999 0.7521395328125 0.5005912859375 0.7695802656249999 0.49102016718749997 0.7700278093749999 0.488630328125
0 0.41553120625 0.45004429687499997 0.3324147359375 0.4060373515625 0.30852098125 0.4154119109375 0.3759359953125 0.47217544843750003 0.37658435468749996 0.4722709671875 0.41551240624999997 0.450144690625 0.41553120625 0.45004429687499997
0 0.18709461249999998 0.5058744234375 0.12010894375 0.4548039390625 0.067882725 0.48012331875 0.13198840625 0.534734659375 0.13421984843749998 0.5350634015625 0.1868539921875 0.5071593109375 0.18709461249999998 0.5058744234375
0 0.47154827031249996 0.41239673125 0.3953653921875 0.393573975 0.3710444609375 0.4128823296875 0.43513698125 0.44276874062499993 0.43737763281250003 0.4430988390625 0.471350559375 0.41345248906250004 0.47154827031249996 0.41239673125
1 0.8683156437499999 0.5444870890625 0.7437754937500001 0.5124365875 0.7340903515625 0.5241359625 0.855547003125 0.5650747390624999 0.85664914375 0.565237109375 0.8683156437499999 0.5444870890625
1 0.891143115625 0.51666833125 0.7878817984375 0.4745925125 0.772534428125 0.4937645078125 0.8714048640625001 0.5372260015625 0.8735583890624999 0.5375432671875 0.8907717999999999 0.5186511109375 0.891143115625 0.51666833125
1 0.759951 0.7954821546875 0.7605230609375 0.7924274109375 0.594991890625 0.6589743265625 0.54558285 0.6834059609375001 0.5455583046875 0.6835370390625 0.72900181875 0.8562247734374999 0.7294319203125 0.8562881375 0.759951 0.7954821546875
1 0.5826742703125001 0.6521258296875 0.44678130625 0.5726841406250001 0.41775540156249996 0.5939804046875 0.5449211234375 0.687712725 0.550023665625 0.6884644468750001 0.5826742703125001 0.6521258296875
1 0.6560705546875 1 0.66964741875 0.9824769921875 0.6700969 0.9800768140624999 0.4883902296875 0.7576118390625 0.4125847484375 0.8066712781250001 0.5577909046875 1 0.6560705546875 1
1 0.3002430203125 0.9138451234374999 0.30121946718750003 0.9086310031249999 0.1221841078125 0.755386125 0.039829729687499996 0.831073353125 0.1395693484375 0.9600296859374999 0.1580586390625 0.9627535843749999 0.278148621875 0.9533273718749999 0.3002430203125 0.9138451234374999
1 0 0.6933554140625 0.08086028281249999 0.6682858890625 0.0812377703125 0.666270146875 0.0358852125 0.5577991796874999 0 0.573099775 0 0.6933554140625
1 0.1770402421875 0.5119555203124999 0.13623789687500001 0.5408396796875 0.21223836718750003 0.6193808093750001 0.2732148453125 0.5858262062499999 0.2734102515625 0.5847827609375 0.1770402421875 0.5119555203124999
1 0.3798467765625 0.5309434453125 0.310908159375 0.46897160156249995 0.2775589421875 0.4794944359375 0.3427296109375 0.5546609124999999 0.343268 0.5547402296875 0.37955194531249997 0.532517809375 0.3798467765625 0.5309434453125
1 0.3015823890625 0.468085609375 0.242977125 0.432399259375 0.2200069328125 0.43731005625 0.2600706046875 0.490056821875 0.2620292421875 0.49034537343749995 0.3012654421875 0.46977807031249996 0.3015823890625 0.468085609375
1 0.6012431734375 0.42675100156249995 0.52598814375 0.4130215953125 0.5095666796875 0.43156120624999994 0.5558687546875001 0.4430798046875 0.575716303125 0.446003803125 0.6012431734375 0.42675100156249995
1 0 0.56016490625 0.016566596875 0.556130284375 0.01696545 0.55400045625 0 0.51291483125 0 0.56016490625