0 0.3844519859375 0.6425916265625 0.3218005734375 0.6931216906250001 0.4834400875 0.821244071875 0.53926043125 0.75242975625 0.3844519859375 0.6425916265625
0 0.555634421875 0.5102564421875 0.52604164375 0.53240740625 0.660576671875 0.587010865625 0.6896032515625 0.55525043125 0.555634421875 0.5102564421875
0 0.8630185031250001 0.6108311921875 0.69704591875 0.568483865625 0.6665308875 0.5883341359375 0.8481330312500001 0.666411953125 0.8630185031250001 0.6108311921875
0 0.6791834078125001 0.42291524531249997 0.7796600296875 0.44938223437499997 0.7938012750000001 0.4308553546875 0.6948131046875 0.3938014734375 0.6791834078125001 0.42291524531249997
0 0.341284296875 0.42423857812500004 0.318956159375 0.43614874062500003 0.394871828125 0.4851127234375 0.43059684843749996 0.458645734375 0.341284296875 0.42423857812500004
0 0.140331053125 0.5023163328125 0.0912091484375 0.53143010625 0.1626591921875 0.58171741875 0.21401390937500003 0.54863359375 0.140331053125 0.5023163328125
0 0.40231449531249996 0.4004182515625 0.37924213125 0.4202685234375 0.44697077187499995 0.44938223437499997 0.4804629796875 0.41762180000000004 0.40231449531249996 0.4004182515625
1 0.7684959609375001 0.4639391203125 0.75956470625 0.47584934375000004 0.8846022796874999 0.5142264953125 0.8950221218750001 0.49305283125 0.7684959609375001 0.4639391203125
1 0.9136288578125 0.4520289578125 0.8017112859375001 0.42923280156250004 0.7908240984375 0.45070562656249996 0.8994877499999999 0.47584934375000004 0.9136288578125 0.4520289578125
1 0.8362247359375001 0.73125609375 0.6367599453125 0.6439148968749999 0.5958250703125 0.6796453859375 0.8235720796875 0.8000704078125 0.8362247359375001 0.73125609375
1 0.6315500921874999 0.6359747890625 0.48567289999999996 0.5698072562500001 0.45962342968750003 0.59362758125 0.6025235125 0.6769987234375 0.6315500921874999 0.6359747890625
1 0.76179751875 0.9959264624999999 0.788591284375 0.9178486453125 0.53926043125 0.76169325625 0.4834400875 0.8305074515624999 0.72011841875 0.9919564078124999 0.76179751875 0.9959264624999999
1 0.3643566609375 1 0.3911504265625 0.95887258125 0.22071235156250002 0.786836853125 0.1343768375 0.8543277765624999 0.2288993125 0.9972497328125 0.3643566609375 1
1 0.14330809375 0.7074357671875 0.060693982812500005 0.6187712999999999 0 0.67302866875 0.056972648437499995 0.7696333656250001 0.14330809375 0.7074357671875
1 0.212525321875 0.5473103218750001 0.1730789671875 0.5764239734375 0.25271597031250004 0.6545017890625 0.31300194375 0.6200945703125 0.212525321875 0.5473103218750001
1 0.32342178593750004 0.4943762234375 0.2951394328125 0.5142264953125 0.382963465625 0.565837203125 0.41124574999999997 0.532753375 0.32342178593750004 0.4943762234375
1 0.2579258921875 0.46261578906249995 0.23559775312500003 0.46923250625 0.28248684375 0.5195199421875001 0.3219331984375 0.4943762234375 0.2579258921875 0.46261578906249995
1 0.5355390984375 0.397771528125 0.5184208124999999 0.41497513750000004 0.5816838953125 0.43614874062500003 0.6099661796875 0.41762180000000004 0.5355390984375 0.397771528125
1 0.00710645 0.564513809375 0.0033851171875000003 0.65185500625 0.057716909375 0.6121544625 0.00710645 0.564513809375