0 0.3784978375 0.6452382890624999 0.3182118640625 0.6889088859375 0.48865000781249995 0.8172740171875 0.5333062843749999 0.7537531468750001 0.3784978375 0.6452382890624999
0 0.6903474765625 0.552603646875 0.6622023578125 0.5879629609375 0.83845755 0.6478849515625 0.8555756999999999 0.6068611374999999 0.6903474765625 0.552603646875
0 0.555634421875 0.5076097796875 0.52735206875 0.535400159375 0.6509011234375001 0.592304190625 0.6836490359375 0.5539270390625 0.555634421875 0.5076097796875
0 0.40231449531249996 0.39909491875 0.373287915625 0.4123284140625 0.45441350625 0.4387954640625 0.4826957921875 0.41629846875 0.40231449531249996 0.39909491875
0 0.132144025 0.498346278125 0.0837664140625 0.5287833203125001 0.1544721625 0.577747365625 0.2073154671875 0.54334026875 0.132144025 0.498346278125
0 0.767751734375 0.437472071875 0.7811486171875 0.42291524531249997 0.6955574671875 0.39247814375 0.6739735546875 0.4123284140625 0.767751734375 0.437472071875
0 0.3338415609375 0.42423857812500004 0.30704779531250004 0.44144212656250004 0.3695665828125 0.4732025609375 0.40231449531249996 0.448058903125 0.3338415609375 0.42423857812500004
1 0.4826957921875 0.563190540625 0.4551578015625 0.592304190625 0.5935922578125 0.6743520609375 0.6263401703125 0.6333281265624999 0.4826957921875 0.563190540625
1 0.83845755 0.724639375 0.6300615046875 0.6333281265624999 0.5988021109375 0.6769987234375 0.8153850500000001 0.79080690625 0.83845755 0.724639375
1 0.72011841875 0.9985731250000001 0.7528662640625 1 0.7789158046875 0.9125553203125 0.5377719109375 0.7669865812500001 0.5318176953125 0.7563998093750001 0.48492860625 0.8199206796875 0.72011841875 0.9985731250000001
1 0.3926390140625 0.964166028125 0.2199680578125 0.7802201359375001 0.1254455828125 0.85565116875 0.2288993125 0.9972497328125 0.36882228906250003 0.9879863546875001 0.3926390140625 0.964166028125
1 0.1373539453125 0.7087591578125 0.0525070203125 0.6161245171874999 0 0.6425916265625 0.00040800937500000005 0.6968489953125 0.054739834375 0.772280028125 0.1373539453125 0.7087591578125
1 0.20805969375000002 0.552603646875 0.16489200625 0.580394028125 0.24676182343750003 0.6478849515625 0.3010936484375 0.6095078 0.20805969375000002 0.552603646875
1 0.4090129375 0.532753375 0.31970038437500004 0.498346278125 0.28553775312499996 0.5194203203125001 0.3755207296875 0.5671605937499999 0.4090129375 0.532753375
1 0.25271597031250004 0.46261578906249995 0.22815501875000002 0.4732025609375 0.28248684375 0.5195199421875001 0.31970038437500004 0.495699615625 0.25271597031250004 0.46261578906249995
1 0.6404813484375 0.471879290625 0.6218745421875 0.48908277812499995 0.7089543500000001 0.5168731578125 0.732770940625 0.495699615625 0.6404813484375 0.471879290625
1 0.7610532937500001 0.45599901249999997 0.7521220390625001 0.47584934375000004 0.8816252390624999 0.5221666046875 0.8972549359374999 0.48908277812499995 0.7610532937500001 0.45599901249999997
1 0.7871028328125 0.4202685234375 0.7751944015625 0.4387954640625 0.8965107109374999 0.471879290625 0.9069304171875 0.44276551875000003 0.7871028328125 0.4202685234375
1 0.8860908656250001 0.5459869312500001 0.7431907828125001 0.4996696703125 0.7163970171875 0.5168731578125 0.8704611703125 0.57245391875 0.8860908656250001 0.5459869312500001
1 0.52884065625 0.39512486562500004 0.5132109609375 0.40571163749999994 0.5876380421875 0.43482540937499997 0.6055005515625 0.4123284140625 0.52884065625 0.39512486562500004
1 0.46483328124999995 0.37527459375 0.44994787968749994 0.3845380328125 0.505768225 0.4123284140625 0.5310734703125 0.39512486562500004 0.46483328124999995 0.37527459375
1 0.00040800937500000005 0.5671605937499999 0.00040800937500000005 0.63729818125 0.046552839062500004 0.6121544625 0.00040800937500000005 0.5671605937499999