0 0.3762650234375 0.6425916265625 0.3195684296875 0.69510581875 0.4834400875 0.8159506249999999 0.5333062843749999 0.75507641875 0.3762650234375 0.6425916265625
0 0.1373539453125 0.5023163328125 0.0851934296875 0.5264550234375001 0.1574492703125 0.58171741875 0.21326961562500002 0.5459869312500001 0.1373539453125 0.5023163328125
0 0.33681866875 0.42953196250000003 0.3115134234375 0.446735571875 0.39412753437500003 0.483789453125 0.4209213 0.45732234375 0.33681866875 0.42953196250000003
0 0.41124574999999997 0.396448196875 0.382963465625 0.4096816921875 0.46036765468749996 0.44276551875000003 0.490138528125 0.4215918546875 0.41124574999999997 0.396448196875
0 0.5548901296875 0.5049629953125 0.52735206875 0.53407676875 0.6613208984375001 0.5949509749999999 0.6940688796875001 0.5565737015625001 0.5548901296875 0.5049629953125
0 0.854087246875 0.6095078 0.7015115468750001 0.565837203125 0.6665308875 0.587010865625 0.84590021875 0.6571484515625 0.854087246875 0.6095078
0 0.6791834078125001 0.41762180000000004 0.7714731375 0.44144212656250004 0.78412565625 0.4268853 0.7000230937499999 0.40174158125000003 0.6791834078125001 0.41762180000000004
1 0.36733376875 0.9946030703125001 0.3889176125 0.9562259187500001 0.21699095000000002 0.786836853125 0.13288831875 0.8635912781249999 0.2311321265625 0.9985731250000001 0.36733376875 0.9946030703125001
1 0.39322914375 0.9629629609375 0.371799396875 0.9998965171875 0.43506247656249997 1 0.39322914375 0.9629629609375
1 0.78338143125 0.916525375 0.5333062843749999 0.760369865625 0.4879057140625 0.823890734375 0.72011841875 0.9985731250000001 0.7603090671875 0.9985731250000001 0.78338143125 0.916525375
1 0.6285729843750001 0.63729818125 0.6040120328125 0.67567533125 0.8116637843750001 0.8000704078125 0.8369689640625 0.72860943125 0.6285729843750001 0.63729818125
1 0.47971875312499995 0.5737773109375001 0.458134840625 0.5975976375000001 0.597313590625 0.67567533125 0.6300615046875 0.6320047343749999 0.47971875312499995 0.5737773109375001
1 0.7417021953125 0.495699615625 0.7186298296875 0.5287833203125001 0.874182571875 0.5698072562500001 0.88906790625 0.5393702140625 0.7417021953125 0.495699615625
1 0.6419698671875 0.474525953125 0.6218745421875 0.49172956093750003 0.7178856046875 0.532753375 0.7335153015625 0.498346278125 0.6419698671875 0.474525953125
1 0.21103680156250001 0.549956984375 0.16489200625 0.5764239734375 0.24899463593750001 0.65185500625 0.3077920890625 0.6095078 0.21103680156250001 0.549956984375
1 0.059949721874999994 0.629358071875 0 0.66111850625 0.048785653125 0.7696333656250001 0.1351211328125 0.7061124953125 0.059949721874999994 0.629358071875
1 0.0026408234375 0.561867146875 0.0033851171875000003 0.63994484375 0.053995540625000005 0.6148012453125 0.0026408234375 0.561867146875