0 0.5754184890625 0.7784748390625 0.4124644953125 0.6689262515625 0.35891634687499996 0.722454546875 0.5292923765624999 0.840321490625 0.5297068 0.840270278125 0.5755166796875 0.77907613125 0.5754184890625 0.7784748390625
0 0.22487071093750002 0.5871827921875 0.1401278375 0.5679112890625 0.0988994703125 0.6062688609375 0.180986203125 0.6363985078125001 0.18731269687500002 0.6356166953125 0.22513947499999998 0.5888286390624999 0.22487071093750002 0.5871827921875
0 0.41343616250000004 0.47043582968750003 0.3261739828125 0.4761243859375 0.3102051453125 0.5015703078125 0.399352903125 0.5049277562500001 0.40084188125000003 0.504743753125 0.41367225 0.47188156093750006 0.41343616250000004 0.47043582968750003
0 0.4796048078125 0.45181113437500003 0.40258285625 0.4201215484375 0.3737150171875 0.43084625781249997 0.44652938593749997 0.4690186328125 0.45351266093750003 0.4681556578125 0.479697796875 0.45238056562500006 0.4796048078125 0.45181113437500003
0 0.556482159375 0.517847453125 0.53520205625 0.55093084375 0.678523778125 0.59012211875 0.702857409375 0.547479009375 0.7027801796875 0.547006078125 0.556482159375 0.517847453125
0 0.8723763859375 0.6126996609375001 0.8675483578125001 0.5831341015625 0.864189565625 0.565023309375 0.705943934375 0.570642009375 0.6805000453125001 0.6016078406250001 0.8715462875 0.6128022421875 0.8723763859375 0.6126996609375001
0 0.768753334375 0.41159592968750003 0.684150709375 0.3942811109375 0.66550814375 0.4119279484375 0.758290284375 0.42732575937500006 0.76047375 0.4270559328125 0.76919745 0.414315571875 0.768753334375 0.41159592968750003
1 0.45368765624999996 1 0.46876588906250005 0.993583875 0.47318269375 0.9518959734375001 0.47283353124999994 0.9497577890625 0.2484229671875 0.853410059375 0.20160856093750001 0.95524668125 0.2016136265625 0.9552776921874999 0.27232872656249996 1 0.45368765624999996 1
1 0.85097313125 0.8765586015625001 0.850142603125 0.8714726546874999 0.5642432828125 0.7904185546875 0.541126890625 0.864037675 0.8162626015625 0.967919171875 0.8172252546875001 0.9678002078124999 0.854654503125 0.956925209375 0.85097313125 0.8765586015625001
1 0.87045465625 0.6972550953125001 0.6476465515625 0.6435548640625 0.6318494765625 0.68563958125 0.8586058828124999 0.7711296828124999 0.8614555734374999 0.7707775265625 0.8706208625 0.6982729046875 0.87045465625 0.6972550953125001
1 0.65030085625 0.62056345 0.4897917828125 0.603259534375 0.47628461718750004 0.6318719625 0.63123563125 0.6709952953125 0.632573309375 0.6708299890625 0.6504164765625 0.621271475 0.65030085625 0.62056345
1 0.8923475171874999 0.5134532546874999 0.7419694375 0.4803484015625 0.72268710625 0.5149820609375 0.881717684375 0.5450544921875 0.88183068125 0.545040528125 0.8926513234375 0.5153136843749999 0.8923475171874999 0.5134532546874999
1 0.7351931296875 0.497736878125 0.64437769375 0.467570315625 0.623790159375 0.48333984531249996 0.715079234375 0.5292356375 0.7197337125 0.5286604484375 0.7351931296875 0.497736878125
1 0.329104059375 0.6379060671875 0.21837954375000002 0.6093036953125 0.183598584375 0.6481292890625 0.2857213640625 0.6946957296875 0.2889430625 0.6942976 0.3291680875 0.6382981609375 0.329104059375 0.6379060671875
1 0.17480929843749998 0.7622380609375 0.0873372875 0.6991007484375 0.0357608390625 0.739125328125 0.036216879687499995 0.741917996875 0.10368677500000001 0.8390909046875 0.10441132500000001 0.8390013671875 0.17513595937499998 0.7642384343749999 0.17480929843749998 0.7622380609375
1 0.080249971875 0.6840646703125 0.021045325 0.6393790890625 0.0222060875 0.6464872859375 0.0351935640625 0.714573540625 0.0388857953125 0.7141172640625 0.0803751359375 0.6848311484375 0.080249971875 0.6840646703125