0 0.4030646296875 0.8888218390624999 0.4032684265625 0.8874433093749999 0.19310005937500002 0.6612656203125 0.07450853125 0.6989763859375 0.07447581875 0.6991976546875 0.2855059015625 0.9551588499999999 0.28825036718749997 0.9557038562500001 0.4030646296875 0.8888218390624999
0 0.04494735625 0.7291376078125 0.1539736421875 0.689141196875 0.15423261875 0.6873894375 0.034221425 0.5170035703125 0.0162759375 0.5593676859375 0.02011126875 0.691179484375 0.041708225 0.7284943703125 0.04494735625 0.7291376078125
0 0.168516596875 0.47289273125 0.16837549062499998 0.4728647078125 0.0971901828125 0.505570021875 0.300476340625 0.6189829078125 0.3031461671875 0.6195130921875001 0.36456458125 0.5677149296875 0.364709815625 0.5667325359375 0.168516596875 0.47289273125
0 0.3517676609375 0.5834228578125 0.3497395484375 0.5830201078125 0.293655675 0.6516750203125 0.526714715625 0.7601337109374999 0.52940835625 0.7606686234375 0.587644075 0.6848854015625 0.5876918812499999 0.6845620203125 0.3517676609375 0.5834228578125
0 0.5410290765625 0.49405329218749994 0.3772177734375 0.389165471875 0.33688139375000004 0.4302767046875 0.48249876093750005 0.52104744375 0.48425518749999996 0.5213962421875 0.5407443640625 0.49597915 0.5410290765625 0.49405329218749994
0 0.746364925 0.5697096453125 0.7465453828124999 0.5684889984375 0.52585221875 0.5048642296875 0.48714510625 0.5462333609375001 0.4869992109375 0.547220240625 0.70157195625 0.6118748328125 0.7038288671874999 0.61232301875 0.746364925 0.5697096453125
0 0.6632100125 0.44296742812499995 0.509798296875 0.38619885 0.483053690625 0.40956737031249996 0.62357473125 0.46545866093750005 0.6319224218749999 0.4671163734375 0.66300279375 0.4443691 0.6632100125 0.44296742812499995
0 0.8479592234375 0.3886496203125 0.8482931015625 0.3863912 0.7218893578125 0.31736935312500003 0.7017990125 0.31659733125 0.71655505625 0.35301781718749997 0.8130530968749999 0.416326915625 0.8179771328125 0.4173047453125 0.8479592234375 0.3886496203125
1 0.9779313875 0.7976824453125 0.9816128328125 0.79841351875 0.989397959375 0.7457532062500001 0.9919610109375 0.7259532859375 0.8736350453125 0.6706197375 0.83212784375 0.7181983671875 0.9779313875 0.7976824453125
1 0.9467541703125001 1 0.9571842828125 0.9528845671875 0.95806918125 0.9468989140625 0.7619576703125001 0.7917232624999999 0.6847500765625 0.846488203125 0.6847371453125 0.84657568125 0.8607979984374999 1 0.9467541703125001 1
1 0.6133809625 0.3426937546875 0.5857208734375 0.349421890625 0.72935150625 0.43552254531249995 0.754566246875 0.41731247343750005 0.7546368718750001 0.4168347484375 0.6133809625 0.3426937546875
1 0.9944006234374999 0.453456415625 0.9945967124999999 0.45213002187500007 0.8628615312499999 0.367543153125 0.8628049375 0.3675319140625 0.8596089515625 0.39270765937499996 0.9691239328125001 0.46624922656249995 0.971333946875 0.46668809843750003 0.9944006234374999 0.453456415625
1 0.9296582140625 0.48216374999999995 0.7601769640625 0.402788578125 0.7552603046875 0.429262621875 0.90007730625 0.5014382421875 0.9007406031249999 0.5015699609375 0.9296263203124999 0.482379484375 0.9296582140625 0.48216374999999995
1 0.856462034375 0.524977975 0.6591596656250001 0.4590461421875 0.6331842859375 0.48591599687500003 0.8114952453125 0.5579868265625 0.8211496281249999 0.5599040265624999 0.85625265625 0.5263942546875 0.856462034375 0.524977975
1 1 0.61131979375 0.9649645843749999 0.593858840625 0.9361061046874999 0.61817330625 0.9968046296875 0.6657708296875 0.99800298125 0.6660088015625 1 0.652500521875 1 0.61131979375