0 0.8226382531249999 0.76967721875 0.822277359375 0.7619711421875001 0.7963837828125 0.6645953734375001 0.4222239671875 0.6653822375 0.408212659375 0.7606967 0.8171112265625 0.7702226375000001 0.8226382531249999 0.76967721875
0 0.4033298125 0.6509755828125 0.04026593125 0.7426822515625 0.0087355671875 0.857352296875 0.41210981875 0.7572645203125 0.41174478593749997 0.7494700421875 0.4033298125 0.6509755828125
1 0.7448947265625 0.48470885937499997 0.7096688171875 0.4292931359375 0.4333438453125 0.5233914515625 0.43771569843749997 0.5952198453124999 0.44037676875000004 0.5949572437499999 0.7451379078125 0.4899014859375 0.7448947265625 0.48470885937499997
1 0 0.4532456015625 0.049934940625 0.469468903125 0.0539233859375 0.46907531249999995 0.09441587031250001 0.4129791140625 0.09433156875000001 0.41117904843749997 0 0.405123109375 0 0.4532456015625
1 0.21164773593750003 0.40373993906249994 0.1875031234375 0.45424476562500005 0.44313357656249996 0.43369824375 0.4464901296875 0.3846134 0.44639173593750003 0.38251240625 0.21164773593750003 0.40373993906249994
0 0.7054787250000001 0.3809113296875 0.6833138828124999 0.3449380109375 0.4513689046875 0.40354426875 0.452001703125 0.45009902031250004 0.459632815625 0.44934596562499995 0.7058206890625 0.3882132203125 0.7054787250000001 0.3809113296875
0 0.6746976484375 0.29380161718750003 0.6670235718749999 0.26774393281250003 0.46759570312500004 0.29063612656250004 0.45952462499999996 0.3400112796875 0.49510918593750003 0.3364997140625 0.6749869656249999 0.29997939218749997 0.6746976484375 0.29380161718750003
0 0.456886378125 0.27121848125 0.456740859375 0.2681112421875 0.45175039687499996 0.2686037125 0.247495525 0.3310207671875 0.23865378750000002 0.36493147656249997 0.24390249531250002 0.364413521875 0.45292410624999996 0.32043659375 0.456886378125 0.27121848125
0 0.48568462500000004 0.1818354609375 0.3373470203125 0.1923697109375 0.3249173546875 0.21923072812500002 0.4067202640625 0.2140077015625 0.4775177421875 0.2070212421875 0.485799325 0.18428464687499999 0.48568462500000004 0.1818354609375
1 0.496492884375 0.16765889218750002 0.49355255624999994 0.16794905 0.47667705937499993 0.19947988125 0.6229848046875001 0.19110413906249998 0.6446570781250001 0.18896546875 0.6445360250000001 0.18638062187499999 0.63777090625 0.1648860765625 0.496492884375 0.16765889218750002
1 0.2035557671875 0.26158079375 0.2034934765625 0.260250721875 0.0388125984375 0.24658351875 0.0316016296875 0.258601715625 0.019675848437499997 0.28819541875 0.1695226515625 0.2905255140625 0.1803703546875 0.2894550375 0.2035557671875 0.26158079375