0 0.6667857625 0.838570565625 0.64749916875 0.7434696062499999 0.2941951140625 0.8182948390625 0.2771184265625 0.9206526734375 0.277216471875 0.9206384296874999 0.6675452890625 0.8466396375 0.6667857625 0.838570565625
0 0.6687700828125 0.8073349390625 0.6699460578124999 0.9164409640625 0.942422990625 0.9101128390625 0.9498019484375 0.794965815625 0.6707735390625 0.8070438890625 0.6687700828125 0.8073349390625
1 0.6690846828125 0.6615350578125 0.66799130625 0.649919215625 0.6597717953125 0.5823282796875 0.389708946875 0.605387209375 0.36547836875 0.668357746875 0.6687070671875001 0.661589915625 0.6690846828125 0.6615350578125
1 0.671289684375 0.6417365640625 0.9563959921875 0.6920671765625 0.962030415625 0.6041432171875 0.6840466578125 0.5717769453125 0.671289684375 0.6417365640625
1 0.6918928531249999 0.5009273953125 0.4529012203125 0.4936681796875 0.42602099375 0.531644434375 0.6726178828125 0.556016078125 0.67930165625 0.5550451 0.692286640625 0.505110915625 0.6918928531249999 0.5009273953125
0 0.692397634375 0.48848097968750004 0.68524345625 0.5353055171875 0.96604895 0.5414348671875 0.9686359093749999 0.501065915625 0.9663654906250001 0.48700467031250005 0.692397634375 0.48848097968750004
0 0.9344513484375 0.39170858124999997 0.9221078421875 0.3669157390625 0.7020221515625 0.413410896875 0.70160276875 0.4548501515625 0.7049578453125 0.455170765625 0.9352704749999999 0.40041085 0.9344513484375 0.39170858124999997
0 0.6970116015625 0.387425709375 0.4874033703125 0.4141969078125 0.47246229531250006 0.4439597109375 0.664547103125 0.43651036093749995 0.6908497 0.4326892796875 0.697718225 0.3949327546875 0.6970116015625 0.387425709375
1 0.69985850625 0.3796613125 0.717125596875 0.349289728125 0.717042609375 0.34840807812499996 0.71120744375 0.350151390625 0.5390149359375 0.32359723125 0.5235777734375 0.3488388578125 0.5143564796875 0.35144843593749997 0.6975223984375 0.38000068593749997 0.69985850625 0.3796613125
1 0.911502834375 0.36615465625 0.9113333453125 0.3643540390625 0.9037774953125 0.34310034218749996 0.7194013546875 0.3041003078125 0.7020387609375 0.33403975625000004 0.90389698125 0.3672595890625 0.911502834375 0.36615465625
1 0.90131345 0.2914809 0.7321090124999999 0.2689776828125 0.7228695234375 0.280667121875 0.8938439609375 0.3185680546875 0.9011598968750001 0.31750524062499996 0.9021801249999999 0.3006882875 0.90131345 0.2914809
0 0.7255686390625 0.2878929984375 0.575967540625 0.283433871875 0.5597893953125 0.3145649140625 0.7098813578125001 0.31238078593749996 0.717886190625 0.3112178921875 0.7258410093750001 0.2907866171875 0.7255686390625 0.2878929984375
0 0.297951821875 0.3449435078125 0.1478139125 0.35112896562499996 0.1282135015625 0.3771142796875 0.27408169375 0.37725835 0.28126445 0.3762148828125 0.2980588875 0.3460809609375 0.297951821875 0.3449435078125
1 0.38911853125 0.3901296734375 0.20787245781250002 0.4201847515625 0.1971753671875 0.4542781140625 0.3467310375 0.438797759375 0.379059253125 0.434101315625 0.38939521250000003 0.3930690953125 0.38911853125 0.3901296734375
1 0.1413806453125 0.48273505468750005 0.1385209765625 0.48315049062500004 0.1121306578125 0.5283130609375 0.3035598734375 0.5281336125 0.31009248437500003 0.5271845953125001 0.3382299484375 0.487451275 0.338095490625 0.486022815625 0.1413806453125 0.48273505468750005
0 0 0.66098118125 0.2049385359375 0.6411974203125 0.22171612812500002 0.638760075 0.24803888125 0.558464109375 0.01083088125 0.6140951359375 0 0.63008533125 0 0.66098118125
1 0 0.5327094375 0.08534615625 0.5331911328125 0.10637995625 0.5301354703125 0.1325879953125 0.48521787187500004 0.132528025 0.48458074218749997 0 0.4880833625 0 0.5327094375
1 0.211074159375 0.41247637499999995 0.056913232812500006 0.40201640312500003 0.03389145625 0.4331150015625 0.1790037125 0.4396554234375 0.19140459999999998 0.4378539 0.211166940625 0.4134620703125 0.211074159375 0.41247637499999995
0 0 0.8518406593750001 0.003966346875 0.867449721875 0.0761011390625 0.8746272749999999 0.08262474375 0.873679565625 0.11468902968750001 0.7651330062499999 0.1145548671875 0.7637076859375 0 0.7813108515625 0 0.8518406593750001