0 0.5144664953125 0.863197471875 0.2200901953125 0.769681396875 0.144427575 0.8638984578125 0.4540087671875 0.9827740687500001 0.4577992828125 0.982685265625 0.5145823953125 0.8641955390625 0.5144664953125 0.863197471875
0 0.227072609375 0.7359959109374999 0.2269955171875 0.7353320296875 0.043062054687500004 0.6797643375 0.050594117187499996 0.7446263656250001 0.068986646875 0.797989809375 0.17087229375 0.8388768531249999 0.17621412187500002 0.8387517078125001 0.227072609375 0.7359959109374999
0 0.39213725625 0.614682825 0.18470160468750002 0.5585958140625 0.12347172343749999 0.6043094906250001 0.34572165625 0.6795461625 0.34736918125 0.679507565625 0.39269864375 0.61951718125 0.39213725625 0.614682825
0 0.6387017890625 0.6854208875000001 0.3883234265625 0.6242083203125001 0.3481444890625 0.7023762046875001 0.5955526 0.7709108046875001 0.5992175046875 0.7708249453125 0.6389315796874999 0.687399725 0.6387017890625 0.6854208875000001
0 0.5428822375 0.477378990625 0.3519254515625 0.45135375624999996 0.3366228625 0.5068792234374999 0.49926442031249996 0.5269867296874999 0.506350553125 0.5268207203124999 0.5430290515625 0.4786432734375 0.5428822375 0.477378990625
0 0.5338739 0.5097396437499999 0.5044689171875001 0.5583586859375 0.72839149375 0.586966678125 0.76156130625 0.5360427765625 0.761560296875 0.5360340890625 0.5338739 0.5097396437499999
0 0.6469660375 0.44803604531249996 0.4934044828125 0.38215575 0.4662130828125 0.4038742109375 0.6098560671875 0.469515 0.615007325 0.46939432031250006 0.6469900578125001 0.44824289375 0.6469660375 0.44803604531249996
0 0.8075344703124999 0.31483460625 0.80729785 0.3127969609375 0.665742821875 0.296414171875 0.647641040625 0.30344354375 0.67612196875 0.332116390625 0.785652546875 0.354066809375 0.7929806296875 0.35389513125 0.8075344703124999 0.31483460625
1 1 0.6121813828125 0.8966412406250001 0.6123303250000001 0.8833759140625 0.6743448671875 1 0.6816768515625 1 0.6121813828125
1 1 0.8176282328125 0.817549140625 0.7570440781250001 0.7694205281250001 0.83670904375 1 0.9255527953125 1 0.8176282328125
1 0.7254889859375 0.35956058281250003 0.72537233125 0.3585560109375 0.5692752249999999 0.3485878078125 0.5486592531250001 0.3661438265625 0.5486966640625 0.3664659921875 0.7055320609375 0.3857362875 0.712632528125 0.38556994218749996 0.7254889859375 0.35956058281250003
1 0.9668693312500001 0.35882463593749997 0.9668112828125001 0.35832474687500004 0.8188388078125 0.30627865781249997 0.8179150140625 0.3063003015625 0.821788871875 0.331508965625 0.9471894437499999 0.3785068671875 0.947506675 0.378499434375 0.9668693312500001 0.35882463593749997
1 0.9112385109375 0.4029591453125 0.7291357171875 0.3617791078125 0.731317153125 0.389014628125 0.8880476921874999 0.42850116250000003 0.8887139734374999 0.4284855546875 0.9112640750000001 0.4031792890625 0.9112385109375 0.4029591453125
1 0.8534413781250001 0.468684490625 0.649718446875 0.4328484578125 0.629601609375 0.46356754687499996 0.822899815625 0.5099966578124999 0.825819521875 0.50992825625 0.8537075546875 0.47097665468749994 0.8534413781250001 0.468684490625
1 1 0.5126807015625 0.9789224171875001 0.5042765859375 0.953414228125 0.5309865671875 1 0.56128196875 1 0.5126807015625