0 0.9657197015625 0.9474563109374999 0.9068410124999999 0.8448400234375001 0.5359082171875 0.8987425468750001 0.554109965625 0.9859245031249999 0.5838869015625 0.9852251890625 0.9668118171875 0.9546857937500001 0.9657197015625 0.9474563109374999
0 0.523472215625 0.856390621875 0.16825099375000002 0.8678340312499999 0.13022735937500002 0.9722469281249999 0.5134689890625 0.9696164609375 0.5368519171874999 0.9690673109375 0.5344816921875 0.8561320640625001 0.523472215625 0.856390621875
1 0.5348778281250001 0.7104910203125 0.5345299109375 0.7081879203125 0.25190285625 0.6579784921875 0.24584040156250003 0.6547764546875 0.2164936578125 0.7107690078125 0.5213116328125 0.7732675 0.523046340625 0.7732267609375 0.5348778281250001 0.7104910203125
0 0.7927121859375 0.60525385 0.792528234375 0.6040361359374999 0.77998489375 0.5652666546875 0.539890528125 0.557521515625 0.5345421015625 0.6006736375 0.7308895718749999 0.6067057625000001 0.7927121859375 0.60525385
0 0.7581979046875 0.5003265796874999 0.7402598359375 0.462595578125 0.53870905625 0.47421243906250005 0.5461685375 0.5231621375 0.5704070140625 0.52259289375 0.7586902390625 0.503585696875 0.7581979046875 0.5003265796874999
0 0.547050025 0.48219950312500004 0.333053840625 0.46591752656249996 0.3188367390625 0.4998372640625 0.52384546875 0.5142704874999999 0.5352164640625 0.5140034390625 0.547568225 0.4856298375 0.547050025 0.48219950312500004
0 0.551494834375 0.3880756828125 0.5510978140625 0.385447525 0.5449529921875 0.364539634375 0.4030415625 0.36288093125 0.3896186015625 0.38531961875 0.49348272031249996 0.3894381046875 0.551494834375 0.3880756828125
1 0.5537059640625001 0.357243725 0.5408330515625 0.3867567578125 0.71398725625 0.3826902109375 0.71045540625 0.359310403125 0.5537059640625001 0.357243725
1 0.531855740625 0.5669385453125 0.294908446875 0.5590948703125 0.2840830203125 0.5954589921875 0.5208735859375 0.6163459671875 0.5345128375 0.6160256484375 0.5339125171875 0.5805537937499999 0.531855740625 0.5669385453125
1 0.21963232656249998 0.4459788859375 0.219560215625 0.44550153281249993 0.043722776562499996 0.495778309375 0.0437362828125 0.495867709375 0.056774570312499995 0.525239703125 0.061410346875 0.52513083125 0.2084657515625 0.47791176875 0.21963232656249998 0.4459788859375
1 0.277541771875 0.417498553125 0.1081373515625 0.40702408593749995 0.0899728796875 0.43622351562499995 0.2405784078125 0.43931850156249996 0.26066471875 0.43884677187500004 0.2778089359375 0.4192671109375 0.277541771875 0.417498553125
1 0.1780412546875 0.5515952671875 0.05305278906250001 0.554214353125 0.05515371249999999 0.59542134375 0.15141347031250002 0.603052325 0.1517479703125 0.603044471875 0.178297015625 0.5532883156249999 0.1780412546875 0.5515952671875
1 0.8398857296875001 0.691025740625 0.79602985625 0.6241111703125 0.52937388125 0.6978860906250001 0.544569371875 0.7633053796875 0.5456590484375 0.7632797874999999 0.8409125375000001 0.6978229046875 0.8398857296875001 0.691025740625