0 0.2955984359375 0.7146039671875 0.0065972015625 0.6320987625 0.008011984375 0.7281903375 0.2309956890625 0.793652084375 0.2955984359375 0.7146039671875
0 0.21701386718750001 0.5117283921875 0.1601410640625 0.552802121875 0.3859033078125 0.619499034375 0.433139765625 0.5713290421874999 0.21701386718750001 0.5117283921875
0 0.21779725781249998 0.50586729375 0.023263867187500002 0.46358024374999995 0.007317342187500001 0.5268644328125001 0.162919634375 0.5478616859375001 0.21779725781249998 0.50586729375
0 0.32894178749999997 0.44411087499999996 0.16361430937500002 0.404586759375 0.13235491562499999 0.43175961406249996 0.2955984359375 0.47992960625 0.32894178749999997 0.44411087499999996
0 0.3513888671875 0.3117283921875 0.3344989921875 0.330479078125 0.481765446875 0.3601221515625 0.49982647187499996 0.34159523125 0.3513888671875 0.3117283921875
0 0.46284720156250003 0.7561728375000001 0.415078740625 0.8418220765625 0.7992220375 0.9752159031250001 0.8200616328124999 0.8628193281250001 0.46284720156250003 0.7561728375000001
0 0.8170138671875 0.8672839484375 0.8020006078125 0.98139161875 0.9853890484375001 1 1 0.9085189890625 0.8170138671875 0.8672839484375
0 0.911061115625 0.4700485625 0.9107638671875 0.45802468906250005 0.8957787875 0.509572678125 0.9992821546874999 0.5355103671875 0.9992821546874999 0.483634990625 0.911061115625 0.4700485625
0 0.6826388671875 0.44320987343749996 0.6658486265625 0.476224221875 0.893694828125 0.5120428968749999 0.916618384375 0.45893241093750003 0.6826388671875 0.44320987343749996
0 0.7753472015625 0.3432098734375 0.763794725 0.3625924265625 0.9478777765625 0.3922354984375 0.9610761453125001 0.3687680859375 0.7753472015625 0.3432098734375
1 0.526917946875 0.483634990625 0.3303310734375 0.44411087499999996 0.30254492499999996 0.476224221875 0.4970478375 0.5182186125 0.526917946875 0.483634990625
1 0.41597220156250003 0.378395059375 0.384514021875 0.4021165421875 0.5699864234375001 0.43917038125 0.5915206921875 0.4157029125 0.41597220156250003 0.378395059375
1 0.5628472015625 0.6061728375000001 0.5317804765624999 0.660258259375 0.8353439609375 0.7356011062500001 0.84784771875 0.6763149609375 0.5628472015625 0.6061728375000001
1 0.6347222015625 0.5117283921875 0.6095816546874999 0.555272453125 0.8700766625 0.6145585984374999 0.88327503125 0.5651534390624999 0.6347222015625 0.5117283921875
1 0.6463982515625 0.3601221515625 0.4982638671875 0.3358024671875 0.49843712343749996 0.3625924265625 0.628337290625 0.38605983906249997 0.6463982515625 0.3601221515625
1 0.8575729046875 0.6750797953125 0.8450691484374999 0.731895721875 1 0.7738901125 0.99789280625 0.7133688015625 0.8575729046875 0.6750797953125
0 0.9937248875 0.6503772718749999 0.9985874171875 0.5898559624999999 0.8788439015625 0.57016493125 0.8693819250000001 0.6108532140625 0.9937248875 0.6503772718749999
1 0.7347222015625 0.37469135625 0.722115534375 0.404586759375 0.9180077328125 0.43917038125 0.9312061 0.41323269375000005 0.7347222015625 0.37469135625
1 0.264930534375 0.3487654296875 0.238636853125 0.37494368749999996 0.3831247375 0.4033516515625 0.41021621093749994 0.378649071875 0.264930534375 0.3487654296875
1 0.13166024062499998 0.9319864609374999 0 0.8765432078125001 0.00037078906249999997 0.9962131546874999 0.08095056875 0.9999185390625 0.13166024062499998 0.9319864609374999