0 0.7051889124999999 1 0.6979592968749999 0.9710850671875001 0.3227159578125 0.9124759484375 0.312692159375 1 0.7051889124999999 1
0 0 0.8825484453125 0.27836546875 0.98847875 0.28948704687500004 0.9917094375 0.3368557703125 0.8776235546875 0.33685893125 0.877610984375 0 0.7621966890625 0 0.8825484453125
1 0.7097324296874999 0.825458171875 0.696185896875 0.7585736609375 0.40061245312500005 0.730653815625 0.39049833437500003 0.8032144890625 0.395341446875 0.80462135625 0.709305621875 0.8271550296875001 0.7097324296874999 0.825458171875
1 0.404021334375 0.72061533125 0.1434586765625 0.5952718703125 0.08685967812499999 0.6454438984374999 0.36078692968750004 0.7719931156250001 0.3764281546875 0.7765367078125001 0.40326435937499994 0.7236248296875 0.404021334375 0.72061533125
0 0.68553466875 0.7469212656249999 0.6882019140625 0.7363171234375 0.695416315625 0.690072471875 0.464597609375 0.5935032234375 0.44064795312499994 0.6402592828125 0.680027153125 0.745321396875 0.68553466875 0.7469212656249999
1 0.45202011718749996 0.5880335671875 0.219655746875 0.5387987578125 0.195695571875 0.5725490765625 0.388149521875 0.6331029906250001 0.4339320390625 0.646402271875 0.4489443765625 0.6002617671875 0.45202011718749996 0.5880335671875
0 0.495134771875 0.5007569640625 0.49682630625 0.49403195 0.495187359375 0.49355585625 0.2830751859375 0.48115204531250005 0.266800215625 0.5107174296875 0.27256977031249996 0.51239341875 0.482536028125 0.533418175 0.495134771875 0.5007569640625
0 0.6983678203125 0.605294834375 0.6952857906250001 0.5753307609375 0.4914530609375 0.53167239375 0.4853275609375 0.56612899375 0.4963388796875 0.5693276515625 0.697363496875 0.6092877140625 0.6983678203125 0.605294834375
1 0.6795782859374999 0.56446653125 0.6854204937499999 0.5661636234375 0.6868568015625 0.5604533093749999 0.68950731875 0.535115684375 0.5382819203125 0.43900673437500004 0.524866290625 0.4731594140625 0.524291421875 0.47544491562499996 0.6795782859374999 0.56446653125
1 0.527268021875 0.4830264015625 0.5278799281250001 0.48059365156249995 0.3653821859375 0.395178565625 0.34607606562500004 0.41382495625000004 0.34601840625 0.4140541875 0.5022934578125 0.498444875 0.5067081171875001 0.4997272796875 0.527268021875 0.4830264015625
0 0.550808375 0.43474011875 0.5515086499999999 0.4319560453125 0.41617714531249994 0.3625538875 0.3935501296875 0.38814595 0.3933304625 0.38901927812500003 0.5213396015625 0.44427393281249994 0.540807084375 0.4499290078125 0.550808375 0.43474011875
1 0.6990287390625001 0.4991177578125 0.6995962109375 0.49686166875 0.7002475921875 0.481014159375 0.55999881875 0.42110730781249994 0.54842340625 0.44164431875 0.6861980187500001 0.49539058437500005 0.6990287390625001 0.4991177578125
0 0.0988513953125 0.30944445 0.027571179687500003 0.289236315625 0.01837731875 0.31488586406249996 0.0711723484375 0.3409370421875 0.07825934062499999 0.34299572968750003 0.0982699859375 0.3117559515625 0.0988513953125 0.30944445
1 0.19953690468750002 0.43336915 0.0372208078125 0.3465694890625 0.0051928921875 0.37705629687500003 0.1544810484375 0.45549947656249995 0.16115724843749998 0.457438834375 0.1990788609375 0.43519019062500003 0.19953690468750002 0.43336915