0 0.4299020765625 0.5546087078124999 0.192603346875 0.5730664703125 0.14394738125 0.6384060125000001 0.37719970625 0.6360629734375001 0.381090434375 0.635399015625 0.42995312812500003 0.5548802562499999 0.4299020765625 0.5546087078124999
0 0.653140084375 0.6087223796875 0.425667896875 0.59836564375 0.38054283906249997 0.675823625 0.6224262328125 0.689794303125 0.6256260703125001 0.6892482453125 0.6538960640625 0.6127435484375 0.653140084375 0.6087223796875
0 0.2581728765625 0.76310554375 0.2560903046875 0.7634609375 0.18794860156249998 0.8565726546875 0.4819354765625 0.9511250984374999 0.483498021875 0.950858446875 0.5459431953125 0.8250861453124999 0.54574911875 0.8240538171875 0.2581728765625 0.76310554375
0 0.2616038203125 0.7504399125 0.073637096875 0.6781772484374999 0.07302640625 0.6782814625 0.0847523796875 0.7485378421875 0.0939089453125 0.7972430359375 0.1749815515625 0.8394289531249999 0.178085575 0.8388992484375001 0.2617548078125 0.7512430296875 0.2616038203125 0.7504399125
0 0.551575034375 0.4406183265625 0.355620359375 0.40826532968749996 0.3255099875 0.45989065 0.50315406875 0.48235033125 0.509299746875 0.4813015640625 0.5516163765625001 0.44083822812499995 0.551575034375 0.4406183265625
0 0.7665158125 0.4421400875 0.5432503578125 0.46547022031249996 0.5110992515625 0.5133784640625 0.7300365265625001 0.496201303125 0.7409280515625001 0.49434265 0.76682693125 0.4437949859375 0.7665158125 0.4421400875
0 0.7940147750000001 0.23319040000000002 0.645905034375 0.2164446984375 0.634111103125 0.2256517609375 0.76736410625 0.2556614171875 0.7688673109375 0.25540489375000003 0.7941432078124999 0.2338735453125 0.7940147750000001 0.23319040000000002
0 0.638404284375 0.3358146 0.47973610625 0.3599255875 0.44575535312500003 0.3871721078125 0.5928648390625 0.3794264921875 0.6084463109375 0.37676749374999996 0.6386532796875 0.33713904375000003 0.638404284375 0.3358146
1 1 0.691343621875 0.8395829703125001 0.6672214703125 0.8014580328124999 0.7519909765625 1 0.78467724375 1 0.691343621875
1 1 0.5081639671875 0.9301075000000001 0.481820190625 0.8880400156249999 0.5360769890625 1 0.5808452734375 1 0.5081639671875
1 0.8575636031249999 0.3766907296875 0.6468391796875 0.35405389375 0.6097230296875 0.385866096875 0.8254418359375 0.41620056875 0.8284925124999999 0.41567996718750005 0.8577142546875001 0.3774920703125 0.8575636031249999 0.3766907296875
1 0.9081766218749999 0.3160612171875 0.7281246515625 0.25990789375 0.6933358984375 0.291325496875 0.8805047984375 0.33989832343750004 0.8857885874999999 0.33899663750000003 0.9082871234375001 0.3166489890625 0.9081766218749999 0.3160612171875
1 1 0.3900867390625 0.982817321875 0.38929777187500003 0.9571900765624999 0.433500878125 1 0.438655859375 1 0.3900867390625
1 0.7149697234375 0.294823059375 0.5701666249999999 0.268370484375 0.5495642765625 0.29002945 0.6892007390625 0.32156884531249996 0.6910662265624999 0.32125049843750003 0.715246984375 0.29629785468750003 0.7149697234375 0.294823059375
1 0.9650527078125 0.23800008125 0.8064075546874999 0.21584957343750003 0.7847083625 0.2314326921875 0.9428721578125 0.2655355578125 0.946375590625 0.2649376921875 0.96524460625 0.239020815625 0.9650527078125 0.23800008125