0 0.3863286859375 0.6232716218750001 0.170161828125 0.553268559375 0.09583490624999999 0.59704076875 0.3189598859375 0.6824902765624999 0.3190521296875 0.6824843625 0.3864178453125 0.62454730625 0.3863286859375 0.6232716218750001
0 0.6102861500000001 0.668530009375 0.3777703796875 0.6308351453125 0.3234145890625 0.6975453359375 0.562755609375 0.75302841875 0.5672300406249999 0.7527415390625001 0.6103512796875 0.66946188125 0.6102861500000001 0.668530009375
0 0.51878635 0.45720368125000005 0.3200848078125 0.45665190000000005 0.2978689203125 0.4979389421875 0.478304225 0.506202240625 0.49032438437500003 0.5054315640625 0.518849390625 0.4581056796875 0.51878635 0.45720368125000005
0 0.20053166875 0.76552985 0.20045156249999999 0.7643837046875 0.024446346875 0.66312361875 0.008627181250000001 0.6722686390625 0.0102394109375 0.760407740625 0.11350183437500001 0.841367646875 0.1181156640625 0.841071828125 0.20053166875 0.76552985
0 0.3847274265625 0.9947496171875001 0.4741328703125 0.8937465296875 0.47402954218750004 0.8922681296875 0.21874107343750002 0.7470982687500001 0.16205768125 0.797577559375 0.1620648703125 0.7976804171875 0.18271855625 0.867784090625 0.3837663234375 0.9948112390625001 0.3847274265625 0.9947496171875001
0 0.7418731203125 0.53481431875 0.5281564109375 0.4892561234375 0.4743098921875 0.5271386015624999 0.6981637140625 0.5814084921875 0.70062439375 0.5812507250000001 0.741940728125 0.5357816359375 0.7418731203125 0.53481431875
0 0.7850871203125 0.30172590625 0.65304728125 0.283747415625 0.6424025078125 0.2914995546875 0.764247975 0.328064075 0.767711409375 0.32784201562500004 0.7851532125 0.302671540625 0.7850871203125 0.30172590625
0 0.6230831828125 0.40352830156249997 0.6229737 0.4019618484375 0.45240772968750004 0.3827941015625 0.42280504375000005 0.40024946874999995 0.4147391671875 0.399097684375 0.5980983875 0.43585305312499995 0.601351525 0.43564447656249994 0.6230831828125 0.40352830156249997
1 0.8980124078125 0.34910087968750003 0.708043590625 0.35990557968750003 0.686408809375 0.3972900109375 0.7731993984375001 0.3917253890625 0.888168478125 0.382639440625 0.8982303125 0.35221864062499997 0.8980124078125 0.34910087968750003
1 0.853645084375 0.6368091625 0.989066353125 0.6496634484375 0.9899875124999999 0.5968902593750001 0.8841450390625001 0.583580040625 0.853645084375 0.6368091625
1 0.7376791015624999 0.8237686 0.9848575234375 0.8907871187499999 0.9866904875 0.7857767140624999 0.7833076812499999 0.74070734375 0.7376791015624999 0.8237686
1 0.9586091796874999 0.3199139890625 0.7900193718749999 0.29070360625 0.8081847640625 0.320385084375 0.9328471374999999 0.337621528125 0.9383529640624999 0.33726851875 0.9587203078125001 0.32150399375 0.9586091796874999 0.3199139890625
1 0.8346046921875001 0.47249921562499997 0.6375880375 0.38897822031249996 0.6139238296875 0.40626564531250003 0.7919803484375 0.5033245875000001 0.79518096875 0.503119378125 0.834704059375 0.47392094062499995 0.8346046921875001 0.47249921562499997