0 0.9259679875 0.70600696875 0.930039375 0.7050410281249999 0.928870071875 0.7002271921875 0.8917602015625 0.6015964359375 0.5175497546875001 0.6198136390625 0.5136367921875 0.713071325 0.5142480828125 0.71558790625 0.9259679875 0.70600696875
0 0.5217811609375 0.6754474578125 0.1543816 0.7207654234375 0.11500590625 0.8314265734375 0.5042764859375 0.7851143328125 0.5233359671875 0.7805924484375 0.5217811609375 0.6754474578125
1 0.8085167484375001 0.44984710000000006 0.7715761609375 0.389428178125 0.49515284687500005 0.4677232046875 0.4995128953125 0.539803359375 0.5170756296875 0.5356365796875 0.808975221875 0.4517345609375 0.8085167484375001 0.44984710000000006
1 0.1101228671875 0.4952748578125 0.14240461875 0.4367421578125 0.1416963375 0.4338262765625 0.0279286609375 0.43582072656250004 0.030618606250000003 0.47779672968750003 0.10814881406250001 0.495743203125 0.1101228671875 0.4952748578125
1 0.4895138171875 0.3752891765625 0.25721967968750004 0.3909626484375 0.2348056109375 0.4410376125 0.47930987968750005 0.427013521875 0.49018501406250004 0.4244333828125 0.4915482203125 0.383664496875 0.4895138171875 0.3752891765625
0 0.746846784375 0.374815159375 0.7451717515625 0.3679193078125 0.7306660328125 0.3274647375 0.4940010265625 0.3276038734375 0.4854998859375 0.374670128125 0.7435282796875 0.37560247812499997 0.746846784375 0.374815159375
0 0.686659578125 0.2269869125 0.48808912343750005 0.2487623078125 0.48216979843749996 0.3020319921875 0.69627154375 0.25934371562499997 0.6925305984375 0.24394282656250002 0.686659578125 0.2269869125
0 0.2865338515625 0.371274096875 0.47902682499999993 0.2866671953125 0.4695277546875 0.234834221875 0.4661852984375 0.2356272234375 0.2804887078125 0.33853601875 0.2806295921875 0.3726748890625 0.2865338515625 0.371274096875
0 0.4859866140625 0.1620418921875 0.3400382203125 0.1741584359375 0.3294690828125 0.20119111250000002 0.4718180828125 0.19040345 0.48116365156249996 0.188186203125 0.48727532656249994 0.167347321875 0.4859866140625 0.1620418921875
1 0.6375772875 0.11044756250000001 0.6211190734375001 0.0945503640625 0.492761340625 0.15953652499999998 0.4929013390625 0.1934550546875 0.4973590109375 0.1923974671875 0.6384653390625 0.11410352812499999 0.6375772875 0.11044756250000001
1 0.20316953437500002 0.296019521875 0.21950480625000002 0.2639599984375 0.21928071093749998 0.263037434375 0.05366445156250001 0.28027796718750003 0.049491109374999995 0.2933280796875 0.045206918750000005 0.32261211875 0.0456091625 0.32426809218749997 0.18647467812500002 0.2999803953125 0.20316953437500002 0.296019521875