0 0.421180534375 0.6172839484375 0.40952153593749996 0.7220147359375 0.8193668953125 0.7071931984375001 0.7908862 0.6059126640625 0.421180534375 0.6172839484375
0 0.4011856984375 0.72572011875 0.4171627 0.6219693656249999 0.0489965328125 0.626909803125 0.0031494234375 0.72077956875 0.4011856984375 0.72572011875
0 0.464399159375 0.3156575421875 0.45259001249999997 0.36753291875 0.7207261859375 0.3539465484375 0.7040545093749999 0.3094819390625 0.464399159375 0.3156575421875
0 0.48454408125 0.22178783281249997 0.47273499843750005 0.26501733125000004 0.6929401000000001 0.2526660140625 0.6873828328125 0.2205527234375 0.48454408125 0.22178783281249997
0 0.26294969375 0.23660936875 0.24836197656249998 0.271192934375 0.4671777296875 0.2724281 0.4782922015625 0.22178783281249997 0.26294969375 0.23660936875
0 0.36020118125 0.115566803125 0.3393615859375 0.1476801515625 0.5032997171875 0.1402693828125 0.5026050421875 0.12050735312500001 0.36020118125 0.115566803125
1 0.6693218078125 0.1069209265625 0.5185821078124999 0.11433169375 0.50607835 0.1377991078125 0.6714057671875 0.1303883390625 0.6693218078125 0.1069209265625
1 0.220575890625 0.3205980921875 0.19904162187500002 0.3638275359375 0.451200728125 0.37000319375 0.4609258515625 0.3168927078125 0.220575890625 0.3205980921875
1 0.1490265921875 0.4329947234375 0.11429395312499999 0.50092674375 0.42480392812499995 0.4959863078125 0.4345290515625 0.4231136796875 0.1490265921875 0.4329947234375
1 0.447032809375 0.4218785703125 0.435223725 0.483634990625 0.7485122703125 0.48857553906250006 0.734619290625 0.414467803125 0.447032809375 0.4218785703125
1 0.3831247375 0.9221054734375 0.3706209796875 0.9937428234375 0.9131450750000001 0.9875672203124999 0.8978627484375 0.93075129375 0.3831247375 0.9221054734375
1 0.38173538749999997 0.9233405265625001 0.0094013015625 0.9233405265625001 0.0087066265625 0.9974482078125 0.367147671875 0.9962131546874999 0.38173538749999997 0.9233405265625001
1 0.06775216875 0.3650627015625 0.0976222453125 0.3131873234375 0.007317342187500001 0.30577655625 0.00176010625 0.3551816578125 0.06775216875 0.3650627015625
1 0.31435407187500003 0.168677346875 0.2997663546875 0.1921447609375 0.48593336562499995 0.1847339921875 0.4921852453125 0.15756119375 0.31435407187500003 0.168677346875
1 0.5032997171875 0.15879630312499998 0.489406675 0.1859691015625 0.6762684234375 0.1773232234375 0.6686271968749999 0.1439747671875 0.5032997171875 0.15879630312499998
1 0.1698661875 0.2220399390625 0.01009594375 0.2306857609375 0.0031494234375 0.2652693828125 0.14069075312499998 0.26650454843750004 0.1698661875 0.2220399390625
1 0.216407971875 0.1627537953125 0.031630182812500005 0.1689293984375 0.017042465625 0.1998076359375 0.19904162187500002 0.20104268906249997 0.216407971875 0.1627537953125