1 0.5384952203125 0.3266022125 0.3660277828125 0.31759658125 0.3509175828125 0.3510806421875 0.36606939375 0.353071815625 0.5299826828125 0.3512710796875 0.5373985546875 0.33145281249999997 0.5384952203125 0.3266022125
1 0.71031435625 0.384969390625 0.7122361765624999 0.357688859375 0.5391786921875 0.340008990625 0.53048633125 0.36347114375 0.7098458421875 0.387041646875 0.71031435625 0.384969390625
0 0.7145771 0.43546512968749995 0.7139006375 0.41039114374999996 0.5087688390625 0.41363735312500005 0.4963300234375 0.4502435671875 0.5035980609374999 0.45119869531249995 0.712132659375 0.44627699062500004 0.7145771 0.43546512968749995
0 0.7066663156249999 0.567544878125 0.7125012953125001 0.5417365249999999 0.714375209375 0.525339115625 0.47117070937500005 0.4841899140625 0.46396756406249995 0.5291347171874999 0.6745555328124999 0.5633250453125 0.7066663156249999 0.567544878125
1 0.7154391328124999 0.695182396875 0.7183725109375 0.682207946875 0.7199974296875 0.6296723796875 0.4307237875 0.58837385 0.40509164374999995 0.652039065625 0.6426786984375 0.6856205953125001 0.7154391328124999 0.695182396875
0 0.723731190625 0.7943676171875 0.34249910625 0.8304370593750001 0.3332765453125 0.9329313828125001 0.7572223859375 0.905668484375 0.7580446203125 0.9020317062500001 0.723731190625 0.7943676171875
0 0.56039748125 0.27133762968749997 0.558142540625 0.271041296875 0.4061770671875 0.28704220468749997 0.39531729375 0.31208542499999997 0.39658865625 0.3122525 0.5495390921875 0.3000069890625 0.5585041703125 0.2797118203125 0.56039748125 0.27133762968749997
1 0.7142288999999999 0.3329801921875 0.5754949984375 0.275868115625 0.5571148078125 0.29446930312499997 0.7058316859375 0.3544926984375 0.7061049203125 0.35452860625 0.7135537015625 0.335966625 0.7142288999999999 0.3329801921875
0 0.5165560046875 0.3750952453125 0.5177249749999999 0.3699248421875 0.5165200328124999 0.3697664953125 0.29959018125000003 0.38968779531250003 0.279465146875 0.43135073124999995 0.2818801515625 0.431668096875 0.49619132187500004 0.42865928281250004 0.5165560046875 0.3750952453125
1 0.47033488749999997 0.4755081109375 0.2407617203125 0.4520563765625 0.21369630781249999 0.4906720625 0.29608844218749997 0.5023813484375 0.45176267968749995 0.5228392546875 0.46792374375 0.48617269687500003 0.47033488749999997 0.4755081109375
1 0.4229064078125 0.609001190625 0.1526984578125 0.5375888078125 0.10422615937499999 0.5899709078125001 0.382643734375 0.669059925 0.39166788750000003 0.67024583125 0.42175491093749995 0.6140943078125 0.4229064078125 0.609001190625
0 0 0.8553139703125 0.335311853125 0.8438654484375 0.35909002343749996 0.738693628125 0 0.75814510625 0 0.8553139703125
1 0.200233953125 0.37333019218749997 0.034323059375 0.3083413359375 0.0182873890625 0.3320170359375 0.0170452890625 0.337510896875 0.1666995234375 0.4021220109375 0.167853434375 0.40227365156249995 0.199997628125 0.37437546875 0.200233953125 0.37333019218749997
1 0.2797770859375 0.298907753125 0.11585850312499998 0.278848796875 0.10140765 0.30388169062500003 0.236162015625 0.3215904140625 0.2506197375 0.32334765781249997 0.27970340781249997 0.2992336265625 0.2797770859375 0.298907753125
0 0.098981190625 0.2923553171875 0.1150118921875 0.2786907109375 0.1150950875 0.27832274218749997 0.048531690625 0.25346285625 0.043807989062500004 0.2528420921875 0.031182245312500002 0.28191755625 0.030877925 0.28326358125 0.040237675 0.28463554687500003 0.098981190625 0.2923553171875
1 0 0.44176763281250003 0.075813178125 0.4718328359375 0.0795692125 0.47232643437500005 0.12557294531250002 0.44002880468749994 0.1257207765625 0.439374946875 0.0103055328125 0.3986237734375 0 0.42142033437500004 0 0.44176763281250003
1 0 0.5360903984375 0.008076551562500001 0.5297500390625001 0.0085980921875 0.5274432390625 0 0.5248891484375 0 0.5360903984375