0 0.49612838281249994 0.9199567359374999 0.82960805 0.9904399015625 0.9054123796875 0.9886744593750001 0.9049349687499999 0.98047261875 0.8866012859374999 0.8938916750000001 0.5168126453124999 0.8088695687499999 0.49612838281249994 0.9199567359374999
0 0.49798441562500007 0.8375810671874999 0.1333481234375 0.834139625 0.08006858125 0.9426142515624999 0.4691854390625 0.9597284234375 0.48904124531250004 0.9592659921875001 0.49869892812499994 0.849856253125 0.49798441562500007 0.8375810671874999
1 0.5070948421875 0.67181685625 0.4981650375 0.619040740625 0.22238249687499997 0.6824430828125 0.2085973015625 0.7468064390625 0.21731981562499997 0.746603296875 0.5076309171875 0.6810265359375001 0.5070948421875 0.67181685625
1 0.8161107203125001 0.7436073265625 0.8152752484375 0.72925406875 0.8101468984375 0.6905983531250001 0.5234531203125 0.6251449546875001 0.5081833828125 0.6886026937499999 0.810902071875 0.743728634375 0.8161107203125001 0.7436073265625
0 0.7795531875 0.5721186328125001 0.5347756296874999 0.5180002015625 0.5242183703125 0.57383976875 0.771587671875 0.6288918906250001 0.7814811546875 0.6286614765625 0.7815466125 0.6063652734375 0.7795531875 0.5721186328125001
1 0.5275328625 0.5663753546875 0.2913195328125 0.5285699687500001 0.2730943015625 0.5747175390625 0.50860849375 0.614681659375 0.5180019140625001 0.6144628921875 0.5278702515625 0.57217165 0.5275328625 0.5663753546875
0 0.75122651875 0.5151779578125 0.7503224562499999 0.49964633750000004 0.748708934375 0.4848516640625 0.5477026046875 0.43698229218750007 0.5348970875 0.4726376375 0.7362572125 0.5155265828125 0.75122651875 0.5151779578125
0 0.5428608406250001 0.4537142375 0.3312594140625 0.45986672500000003 0.319463075 0.491985359375 0.510777840625 0.4988787828125 0.5333842765625 0.4983522921875 0.54324255625 0.4602720484375 0.5428608406250001 0.4537142375
1 0.5586593468750001 0.4028499375 0.3817513953125 0.38419251249999997 0.365622771875 0.40758903281250003 0.538301559375 0.4247193828125 0.5489784156249999 0.42447072343750003 0.558816021875 0.4055416125 0.5586593468750001 0.4028499375
1 0.7351385265625 0.3999291046875 0.7248690296875 0.3807070734375 0.55763686875 0.40018030781249997 0.5505949046875 0.42599729843749995 0.5614612328125 0.42574422656250005 0.735467084375 0.4055736578125 0.7351385265625 0.3999291046875
1 0.7169708265625 0.3736316421875 0.721096078125 0.3735355671875 0.720843228125 0.3691916421875 0.7183184390624999 0.3590213671875 0.5690870265625 0.34330691562500004 0.5579934390625 0.35961413593749997 0.5579947359374999 0.3596364140625 0.7169708265625 0.3736316421875
0 0.5639042890625 0.331817240625 0.41952788124999996 0.35580382187500004 0.4043873765625 0.371526215625 0.41119681718749995 0.371367628125 0.5578159406250001 0.351913525 0.5640939375 0.335075365625 0.5639042890625 0.331817240625
1 0.283029371875 0.36749027500000003 0.1066213484375 0.39849022968750003 0.106671521875 0.3993521953125 0.1095537046875 0.41721154687500006 0.270784175 0.39953213125000003 0.28313621875 0.3693259 0.283029371875 0.36749027500000003
0 0.030804956249999998 0.40369006250000006 0.0970883578125 0.392641078125 0.10667493750000001 0.372554221875 0.106475425 0.3691266375 0.015687340625 0.3849949015625 0.0157913984375 0.387548678125 0.0243634640625 0.40384008125 0.030804956249999998 0.40369006250000006
1 0.2341578578125 0.44101251875 0.23410485312499998 0.44010190156249995 0.040766750000000004 0.43749904375000004 0.020656631249999998 0.47931750156249997 0.02068940625 0.4798805421875 0.1785581140625 0.4815884640625 0.21809346718749997 0.48066770625000005 0.2341578578125 0.44101251875
1 0.16340029843749998 0.5145295078125 0.023124403125 0.5426200828125001 0.028496984375 0.5789365671875 0.0410895984375 0.5786432921875 0.148932053125 0.56664804375 0.16349522968750002 0.5161604125 0.16340029843749998 0.5145295078125
1 0.07229914374999999 0.6413969640625 0.0280480578125 0.63315745 0.029327806249999998 0.65514329375 0.0359806015625 0.7038999593749999 0.0373307171875 0.7038685140625 0.0724112 0.643322053125 0.07229914374999999 0.6413969640625