0 0.38866408125 0.8369894625000001 0.1120073296875 0.6952104859375 0.03215594375 0.801930196875 0.2962266421875 0.9322693531249999 0.29658141875 0.932335684375 0.38866408125 0.8369894625000001
0 0.01911145625 0.7590961421875 0.127644490625 0.7028891546875 0.1277939265625 0.7017872171875 0.0147611765625 0.5458577265625 0.0033606109375 0.577639996875 0.004294421875 0.7381483109375 0.0175315421875 0.75880075625 0.01911145625 0.7590961421875
0 0.33496621875 0.5791294703125 0.1340687734375 0.48473552968750006 0.0612149046875 0.5195730484375 0.2690068484375 0.638746746875 0.27008115625 0.638947603125 0.33455508906250003 0.5821611484375 0.33496621875 0.5791294703125
0 0.5511932093749999 0.682418809375 0.31899445000000004 0.6012163296875 0.26446369375 0.6693590656249999 0.4964879921875 0.7600844312499999 0.4976896625 0.7603091 0.551148384375 0.6827493546875 0.5511932093749999 0.682418809375
0 0.50749310625 0.501192490625 0.3273030609375 0.40787752812500006 0.2881988421875 0.43516177968749997 0.45743695781250004 0.5242431046875 0.46352947968749997 0.525382184375 0.5074101953125 0.501803875 0.50749310625 0.501192490625
0 0.70980345625 0.5900170890624999 0.4935697109375 0.515735496875 0.4440016328125 0.555002790625 0.6637415890625 0.6337408531250001 0.6692388171875 0.6347686343750001 0.70965691875 0.591097665625 0.70980345625 0.5900170890624999
0 0.62589536875 0.4594042671875 0.6259968734375 0.4586557640625 0.46237027187499996 0.3839117046875 0.427718325 0.39864385156250004 0.427609171875 0.399448753125 0.58266239375 0.48145786562500004 0.5871928171875 0.48230489062500004 0.62589536875 0.4594042671875
0 0.8130359281249999 0.3907921125 0.6616185046874999 0.33515069531249997 0.6312290390624999 0.3439162109375 0.786383203125 0.41709720937499994 0.79650926875 0.418990415625 0.8123753671875 0.395663121875 0.8130359281249999 0.3907921125
1 0.89231453125 0.5074005500000001 0.73310650625 0.41201737656250004 0.704862784375 0.4290192765625 0.8598994234375 0.525410434375 0.86122968125 0.52565914375 0.89231453125 0.5074005500000001
1 0.8200495734375 0.5264119468749999 0.63632401875 0.4703210140625 0.590828903125 0.49704476406250003 0.781717928125 0.5643820671875 0.783499859375 0.564715225 0.819939090625 0.5272266640625001 0.8200495734375 0.5264119468749999
1 0.7155353984375 0.39553665625 0.57370995625 0.3717134 0.5446163671875001 0.4002660921875 0.6486302390625001 0.4197129109375 0.704755090625 0.4295964375 0.7150756078125 0.398927190625 0.7155353984375 0.39553665625
1 0.9447767421875 1 0.9533813765625 0.9365489984375 0.9526782015625 0.9202134734375 0.6977900796875 0.8260911249999999 0.6959731796875 0.8257514296874999 0.645503659375 0.9050996234375001 0.8865898796874999 1 0.9447767421875 1
1 0.96979994375 0.815477665625 0.9783348640625 0.7525407328125 0.9790013359374999 0.746252378125 0.8381008328125 0.6878098046875001 0.8026667953125 0.7300395187500001 0.9671989203125 0.8149913671875 0.96979994375 0.815477665625
1 0.9902104890625001 0.641551925 0.9410322375 0.6046773125 0.89821805 0.6345800671874999 0.9805886515625 0.6835229218750001 0.98370809375 0.68410614375 0.9889677062500001 0.650716259375 0.9902104890625001 0.641551925