0 0.45140041562500005 0.8477754875000001 0.179499021875 0.690713253125 0.0949928234375 0.79216295625 0.3536078796875 0.9364938609375001 0.35562195 0.9367040046874999 0.45140041562500005 0.8477754875000001
0 0.1786335734375 0.7144599375 0.17871114999999999 0.7122546484375001 0.059135137500000004 0.5603845609375 0.04287284375 0.6131102296875001 0.052099090625 0.7450517062500001 0.0724110234375 0.7740710328125 0.1786335734375 0.7144599375
0 0.1642330609375 0.4940714828125 0.1629589171875 0.49393854218750005 0.096053725 0.53698999375 0.31654914375 0.6316159734375 0.3181402703125 0.6317819874999999 0.375530615625 0.5660117078125 0.3755619328125 0.5651214578125 0.1642330609375 0.4940714828125
0 0.598550871875 0.657522303125 0.3614065703125 0.591305046875 0.3127170078125 0.6629548562500001 0.5504355265624999 0.7386801968750001 0.552227203125 0.7388671359375001 0.598503571875 0.6588669046875 0.598550871875 0.657522303125
0 0.5336940109375 0.4914231375 0.35714959375 0.38845634218749997 0.316785553125 0.4133050984375 0.48624615625 0.5136326953125 0.4878206484375 0.513796975 0.533655190625 0.49252671406250004 0.5336940109375 0.4914231375
0 0.7372569015625 0.6001062687500001 0.5496438296874999 0.46314836875000004 0.4897053265625 0.484123078125 0.6834196890625 0.6293435484375001 0.68475365 0.6294827296875 0.7372089468749999 0.6014694828125 0.7372569015625 0.6001062687500001
0 0.64880843125 0.43471804374999995 0.4851654484375 0.356349590625 0.4494246546875 0.3705987953125 0.6073941359374999 0.457648628125 0.609009134375 0.4578171328125 0.6487841828125 0.43540736718749995 0.64880843125 0.43471804374999995
0 0.8295332249999999 0.344042365625 0.6745297765625 0.29813558906250004 0.6450125921875001 0.308849128125 0.811172921875 0.3744142328125 0.8147464515625 0.3747870859375 0.8293529906250001 0.34916590468750003 0.8295332249999999 0.344042365625
1 0.9211499296874999 0.41936610312499994 0.7404389218749999 0.394194134375 0.7224443296875 0.42145935312500005 0.868764203125 0.44436855937499997 0.9026757640625 0.447906803125 0.9211051484375 0.4206391640625 0.9211499296874999 0.41936610312499994
1 0.849870365625 0.4805095828125 0.6636165984375 0.4330952859375 0.619971059375 0.4619458234375 0.8116052343750001 0.519506225 0.8169230375 0.5200610703125 0.8498158671875 0.48205881406250006 0.849870365625 0.4805095828125
1 0.7353957796875 0.3850388234375 0.602043878125 0.325009190625 0.56512253125 0.3450679296875 0.7160646484375001 0.41439948906249996 0.716784696875 0.4144746171875 0.7353289609375 0.38693829062499996 0.7353957796875 0.3850388234375
1 1 0.9074378609375 0.8022340375000001 0.7511060781250001 0.7280995906250001 0.8079837718749999 0.9610148265625 1 0.9984977953125 1 1 0.99484401875 1 0.9074378609375
1 1 0.6866192109375 0.8992224625 0.62570036875 0.8576705953125 0.6612129578125 1 0.7639009453125001 1 0.6866192109375
1 1 0.5579075890625 0.9720662750000001 0.545717246875 0.9387081437499999 0.58524130625 1 0.6044753375 1 0.5579075890625