0 0.870309875 0.635533690625 0.7928828421875 0.55522863125 0.46482969062499996 0.7040935921875 0.501138415625 0.8033376515624999 0.5056493640624999 0.802643046875 0.8703560031249999 0.6357593671874999 0.870309875 0.635533690625
0 0.47322060625000006 0.7006890203125 0.10827495625000001 0.6764222671875 0.05149981875 0.768898640625 0.0527567546875 0.7750481109375 0.44536738124999997 0.8023577906250001 0.45466022031250003 0.8009268625000001 0.47329450937499995 0.70105059375 0.47322060625000006 0.7006890203125
0 0.695930265625 0.32297864062500004 0.66392025 0.2864838625 0.44451852187499996 0.380108296875 0.4610089390625 0.4331920046875 0.47068920312499996 0.43170142343749995 0.6960233453125 0.3234340234375 0.695930265625 0.32297864062500004
0 0.44103017187500004 0.2574619484375 0.4405815125 0.2552669078125 0.2329875890625 0.3009856859375 0.226118484375 0.3412498484375 0.226226134375 0.3417765171875 0.23041171562499999 0.3411320140625 0.434856215625 0.2949148640625 0.44103017187500004 0.2574619484375
0 0.6509780375 0.23433794218749998 0.6507735218749999 0.23333736875 0.63217625 0.2080057890625 0.440206096875 0.2820279875 0.4423836875 0.2824563640625 0.45328730312500004 0.321164621875 0.4590851515625 0.32027185937499997 0.6509780375 0.23433794218749998
0 0.44460932187499996 0.159133084375 0.4436530046875 0.15445436875000002 0.2898297703125 0.166702153125 0.2818055734375 0.188949784375 0.28195919062499997 0.1897013515625 0.42616711250000006 0.1738539359375 0.44550291875000003 0.1708765765625 0.44460932187499996 0.159133084375
1 0.44343361249999996 0.500899803125 0.4422181671875 0.494953321875 0.423108825 0.4333891203125 0.15753435 0.5326956593750001 0.1578976078125 0.6098499625 0.158050703125 0.6105989734375 0.16290041718749998 0.60985220625 0.44343361249999996 0.500899803125
1 0.7577886171875 0.49433135000000006 0.75682415 0.489612765625 0.73379685625 0.42207127031249997 0.44623922499999996 0.4460393015625 0.44218411562500004 0.510799615625 0.7418632421875 0.4967835671875 0.7577886171875 0.49433135000000006
1 0.4266116984375 0.325928103125 0.20700995625 0.4079791453125 0.19942299218749998 0.4607146828125 0.20278804374999998 0.4601965265625 0.43653998906249997 0.38225029843749997 0.431298334375 0.3488571421875 0.4266116984375 0.325928103125
1 0.1617464453125 0.2655969828125 0.1786459265625 0.2402786109375 0.178275775 0.238467671875 0.0029643671874999998 0.25475715781249997 0.0033368125 0.286764934375 0.132107503125 0.2701608359375 0.1617464453125 0.2655969828125
1 0.11916645625 0.34709957343750003 0.1361497875 0.31810695 0.136068725 0.317710346875 0.0037609421875 0.32321463437500003 0.0040960390625 0.3520127359375 0.11655445312499998 0.34750177187500003 0.11916645625 0.34709957343750003
1 0.0527569078125 0.45459583437499995 0.06157544375 0.45323794062499995 0.0928486625 0.415164865625 0.0926681484375 0.41428170781249996 0.0047725828125000005 0.4101547671875 0.0052307734375 0.4495315296875 0.02568764375 0.45495409374999995 0.0527569078125 0.45459583437499995
1 1 0.886631015625 0.9703106171875 0.8484601109375 0.5515077500000001 1 0.6944756734374999 1 0.7616959734375001 0.989649303125 1 0.8977514875000001 1 0.886631015625
1 0.48430890625 1 0.4812272015625 0.9715399124999999 0.48018491562500004 0.9664406031249999 0.23490605000000003 1 0.48430890625 1