0 0.9192369265625 0.9388010875000001 0.918912190625 0.9368993124999999 0.8761798781250001 0.8393736484375 0.493864653125 0.8802998296875 0.496916890625 0.975850403125 0.8929589078125 0.9435806453125 0.9192369265625 0.9388010875000001
0 0.36377963593749996 1 0.49366707656250003 0.9735661828125 0.480042784375 0.8614028671874999 0.47915234375000004 0.8561880984375 0.12222336250000002 0.9372794078125001 0.1054766671875 1 0.36377963593749996 1
1 0.4876841890625 0.7106741265625 0.1990209921875 0.7113838828125 0.1738492609375 0.7812157546875 0.47501794531249997 0.7801766796875 0.48364193125000005 0.7786081125 0.489081884375 0.7188595859375 0.4876841890625 0.7106741265625
1 0.783307553125 0.673333496875 0.49283153124999995 0.656666325 0.47937417968749996 0.719309003125 0.78883429375 0.74846753125 0.7934750890625 0.7476234421875 0.7883009609375 0.7025768484375 0.783307553125 0.673333496875
0 0.745054125 0.5610091953125 0.7170919140625001 0.520959096875 0.48819442031250004 0.60407734375 0.500722959375 0.6470702984375001 0.507105540625 0.6459094078125001 0.7462178859375 0.5678246390624999 0.745054125 0.5610091953125
1 0.4824084796875 0.5866918953125 0.4717686578125 0.554082540625 0.2479022703125 0.639915671875 0.2446792671875 0.6936406078124999 0.25013190937499996 0.692648859375 0.483747025 0.5945309390625 0.4824084796875 0.5866918953125
0 0.7032253578125001 0.4929062390625 0.700116225 0.47469793125 0.6941369578125001 0.45626875 0.48984882343749997 0.48956030625 0.48862339062500004 0.5253187968749999 0.6915521375 0.495029415625 0.7032253578125001 0.4929062390625
0 0.49044391249999997 0.49412209687499997 0.2805891640625 0.5099974046875 0.26704268125 0.550615865625 0.46861876875 0.535577478125 0.4840268484375 0.5327749921875 0.49123018281249997 0.498726803125 0.49044391249999997 0.49412209687499997
1 0.4944228875 0.42433891562500003 0.32262154375 0.442732834375 0.3149747484375 0.46831513437499994 0.4624065953125 0.452672246875 0.4946714765625 0.44680377499999996 0.4960393359375 0.43380546875 0.4944228875 0.42433891562500003
1 0.6738939921875 0.39559876875 0.6598128 0.37829655156249997 0.49900150625000006 0.4363008 0.50586729375 0.459037546875 0.5251059 0.45553834843749996 0.6747065015625 0.40035715156249996 0.6738939921875 0.39559876875
0 0.5018184828125001 0.393181928125 0.35611205468749996 0.376441746875 0.3399417125 0.39814186875 0.489827146875 0.41438794375 0.4985670015625 0.4127983015625 0.5021465921875 0.39510345625 0.5018184828125001 0.393181928125
1 0.659882321875 0.378700884375 0.659658628125 0.3773908375 0.6501297234375001 0.3590429046875 0.503484575 0.363703046875 0.5042285203125 0.388656678125 0.6455814890625 0.38130198125 0.659882321875 0.378700884375
1 0.21221065781249998 0.4683249265625 0.22366410781249998 0.4434574828125 0.047603853125 0.49033828125 0.0424754859375 0.5258799578125 0.0598086265625 0.5227273328125001 0.21221065781249998 0.4683249265625
1 0 0.5707806609375 0.152480178125 0.5692945765624999 0.166113015625 0.566814978125 0.1818143109375 0.5390701625000001 0.181611903125 0.5378847890625 0 0.5406571203125 0 0.5707806609375
1 0 0.660127634375 0.10241207031249999 0.6735352828125001 0.104602209375 0.67313693125 0.14374496406249998 0.6326122828125 0.14356317031250002 0.6315476234374999 0.0019305562500000002 0.6188378796875 0.0025344859375 0.6040163421875 0.0007425484375 0.6138569046875 0 0.6194695125 0 0.660127634375
1 0.036578290624999996 0.740378684375 0.0115002203125 0.750272384375 0.016122660937499998 0.7773432015624999 0.0278692703125 0.8044255093749999 0.0294464578125 0.80413864375 0.036973196874999996 0.7426914015625 0.036578290624999996 0.740378684375
0 0 0.5246495624999999 0.0363714234375 0.5137397515625 0.050120321875 0.475269325 0.0497995546875 0.4733907859375 0 0.48357702812500003 0 0.5246495624999999