0 0.4296664578125 0.87146515 0.1775073515625 0.72077956875 0.090675725 0.80229801875 0.3365829515625 0.97151051875 0.4296664578125 0.87146515
0 0.1684769015625 0.72572011875 0.0065972015625 0.6265432078125001 0.00176010625 0.7528928609375 0.08998104999999999 0.8146493359375 0.1684769015625 0.72572011875
0 0.1448586734375 0.521923996875 0.0732638671875 0.5765432078125 0.287262596875 0.647907053125 0.3574225484375 0.58244519375 0.1448586734375 0.521923996875
0 0.5866580984375 0.6787851796875 0.3482638671875 0.5987654296875 0.287262596875 0.6516124375000001 0.5185821078124999 0.76153879375 0.5866580984375 0.6787851796875
0 0.32268990937500003 0.41323269375000005 0.2878472015625 0.4543209859375 0.4609258515625 0.5083375125 0.513024840625 0.46757828906250004 0.32268990937500003 0.41323269375000005
0 0.7214207953125 0.5429211359375 0.511805534375 0.47469135625 0.45189540156249997 0.5120428968749999 0.6734897265625001 0.58244519375 0.7214207953125 0.5429211359375
0 0.45189540156249997 0.3638275359375 0.41021621093749994 0.38853011406250004 0.5790169359374999 0.44781625937499997 0.6158335328125 0.411997528125 0.45189540156249997 0.3638275359375
0 0.640841046875 0.28230908593750004 0.6213907375 0.302071171875 0.763794725 0.32924396875 0.78532893125 0.30454139062499996 0.640841046875 0.28230908593750004
1 0.6200014515625 0.405821925 0.596180534375 0.4302469109375 0.7936647703124999 0.4922809234375 0.8221455921875 0.45893241093750003 0.6200014515625 0.405821925
1 0.556787990625 0.3205980921875 0.5253472015625 0.3395061703125 0.6915507515625 0.383589621875 0.7137796953125 0.3514762734375 0.556787990625 0.3205980921875
1 0.95274030625 0.32924396875 0.7940972015625001 0.30802468906249997 0.7881075015625 0.3243034765625 0.9277327921875 0.3601221515625 0.95274030625 0.32924396875
1 0.8565972015625001 0.578395059375 0.8242295531250001 0.647907053125 0.995808846875 0.7047228671875 0.9944194984375001 0.6293801343750001 0.8565972015625001 0.578395059375
1 0.7565972015625 0.7339506140625 0.6971080187500001 0.8134141703125 0.9902515796875001 0.9529835984374999 0.98816761875 0.829470871875 0.7565972015625 0.7339506140625
1 0.9430555343749999 0.49691357812500003 0.9124504640625 0.5392157515625 0.9992821546874999 0.557742671875 0.99789280625 0.5169834468750001 0.9430555343749999 0.49691357812500003