0 0.43798037812499996 0.670125884375 0.18409554374999998 0.5787790234375 0.129388684375 0.6468043296875 0.36016901875 0.73974806875 0.3635358609375 0.740106528125 0.437836621875 0.6708990328125 0.43798037812499996 0.670125884375
0 0 0.832565809375 0.1000350890625 0.9405626734375 0.12725198437500002 0.9434603828125001 0.230573003125 0.892522003125 0.230657859375 0.892065634375 0.033889198437500004 0.6770117046874999 0 0.70908038125 0 0.832565809375
0 0 0.5718696046875 0.1379610015625 0.6192906484375 0.1404710609375 0.6195578875 0.193426953125 0.5446620109375 0.193817284375 0.5425627671875 0 0.4917457953125 0 0.5718696046875
0 0.3910475484375 0.46757745 0.22117197968750002 0.38997394218750003 0.17150811562499998 0.4313075484375 0.328773290625 0.5015475734375 0.34003053437499997 0.502746103125 0.390903515625 0.468352075 0.3910475484375 0.46757745
0 0.589323278125 0.5554730125 0.3933391765625 0.47759229062499997 0.34457055625 0.5009442453124999 0.5344046687499999 0.5980238390625 0.53763594375 0.5983678640625001 0.588981225 0.5573126187499999 0.589323278125 0.5554730125
0 0.516072328125 0.4270655609375 0.37263098125 0.362666228125 0.315274309375 0.3784828609375 0.465341359375 0.45102563125 0.46717928906250006 0.451221309375 0.515885878125 0.42806831562500003 0.516072328125 0.4270655609375
1 0.697511090625 0.49598530468749996 0.5193740453125 0.4219035875 0.47400927968750006 0.4536760703125 0.6548014828125 0.53467204375 0.6576272578125 0.534972896875 0.6968677 0.49944555468749996 0.697511090625 0.49598530468749996
1 0.61294701875 0.3778703 0.46963251718750004 0.32631026875 0.436046928125 0.3450556921875 0.5756643140625 0.3977094421875 0.5824313796875 0.39842991250000004 0.6128820171875 0.37821988281249996 0.61294701875 0.3778703
1 0.77748669375 0.4281483234375 0.6139511625 0.37931918750000004 0.5827467640624999 0.40205443125 0.7441070328125 0.4600756578125 0.747316046875 0.4604173125 0.7773099234374999 0.42909901718750004 0.77748669375 0.4281483234375
0 0.6958096375 0.3619079609375 0.5643841093749999 0.2874989921875 0.5476582859375 0.296571725 0.664859096875 0.3754682203125 0.6686951750000001 0.3758766359375 0.6956908546875 0.362546790625 0.6958096375 0.3619079609375
1 0.8379515109375 0.40626673125 0.8381784359375001 0.40504629999999997 0.7122101640625 0.33546821875 0.680738846875 0.3502837609375 0.6807227234375001 0.3503704796875 0.8114840765625001 0.42440341562499995 0.8132348609375001 0.42458981875 0.8379515109375 0.40626673125
1 0.9489458609374999 0.6265662609375 0.81985011875 0.5319039703125 0.7797462937499999 0.5564930359375 0.9299319781250001 0.6750458765625 0.931227696875 0.675183828125 0.9475159203124999 0.6342566734374999 0.9489458609374999 0.6265662609375
1 0.9315977343749999 0.7704178734375 0.9390521515625 0.730327015625 0.9385688921875 0.69863445625 0.697711525 0.6493804390625 0.6630096265625001 0.7013281359375 0.9315977343749999 0.7704178734375
0 0.56959446875 0.7738891515625 0.50049575 0.8578605921875001 0.7327406734374999 0.960073778125 0.897943315625 0.951415875 0.905751875 0.909420384375 0.56959446875 0.7738891515625
0 0.976474946875 0.5206370046875 0.866375134375 0.476854103125 0.8467874562500001 0.49723138593750005 0.9596704687500001 0.5512618515625001 0.9634390906249999 0.5516630874999999 0.9756967578125 0.524822215625 0.976474946875 0.5206370046875
1 0.913676115625 0.44146688125000005 0.976900103125 0.47533924531249994 0.9835602796874999 0.47604833593749996 0.9847389 0.4720822 0.9855924281249999 0.44274833124999996 0.9366235359375 0.42069896093750003 0.913676115625 0.44146688125000005