0 0.41063617499999994 0.8547618046875 0.39981226875 0.953821378125 0.4285595125 0.9600528484374999 0.5881491171875 0.98475123125 0.809420203125 0.9783129 0.792734559375 0.903633575 0.41063617499999994 0.8547618046875
0 0.3862495875 0.9238860328125 0.42080636406250005 0.82029781875 0.42114428281249994 0.8184604140625 0.0638883203125 0.7257009875 0.047720509375 0.7446682453125 0.0535172328125 0.8351248734375 0.3805548359375 0.922651596875 0.3862495875 0.9238860328125
1 0.782228559375 0.7362819265625 0.7679751671874999 0.68312366875 0.47287557500000005 0.6746215984374999 0.46846920000000003 0.7432130140625001 0.47125985000000004 0.7438179359375 0.780715690625 0.7445080265625 0.782228559375 0.7362819265625
1 0.4759921328125 0.6421586078125 0.19511474374999999 0.5690751734374999 0.15924241249999999 0.6213093515625 0.4498191875 0.70741100625 0.45927088125 0.7094598265625 0.4711674921875 0.6683921875000001 0.4759921328125 0.6421586078125
0 0.7533596359375 0.6668151 0.753813790625 0.664345678125 0.7551979765625 0.6253794296875 0.5356773859375 0.521720503125 0.5084208546875 0.5676790781250001 0.7402942671875 0.663982953125 0.7533596359375 0.6668151
0 0.562898353125 0.448307684375 0.344840321875 0.41506716875 0.3263940140625 0.43388624374999996 0.5282111640625 0.48620916718749996 0.5378582578125 0.4883003453125 0.5626868515625 0.44945770312500005 0.562898353125 0.448307684375
0 0.7575343984375 0.5308955890625 0.5685364390625 0.44824142812499995 0.5474461125000001 0.4828263671875 0.73525414375 0.5676125484375001 0.7448902859375 0.56970135 0.755662996875 0.541071175 0.7575343984375 0.5308955890625
1 0.5796357000000001 0.40955495 0.42008143750000004 0.345543553125 0.39806299843750004 0.3629518890625 0.5647674671875 0.43379073593750006 0.5691489875 0.4347405078125 0.578724359375 0.4145102890625 0.5796357000000001 0.40955495
1 0.592881890625 0.3700145921875 0.5807297390625 0.41180886875 0.74603996875 0.4888851890625 0.7505805890625 0.46419594374999995 0.750624746875 0.4638216578125 0.593293715625 0.3701038625 0.592881890625 0.3700145921875
1 0.598917403125 0.33883939375 0.45765142968749994 0.338009678125 0.43997174531249994 0.36170381093750004 0.597484890625 0.364756665625 0.599241440625 0.35520556875 0.598917403125 0.33883939375
1 0.76155461875 0.3958163765625 0.7558744109375 0.37733047656249996 0.5972108265625 0.38046189375 0.5938537 0.400396575 0.5948984890625 0.4006230515625 0.7602271625 0.403034315625 0.76155461875 0.3958163765625
1 0.25736835468749997 0.376470809375 0.0670615171875 0.3202201390625 0.0516453375 0.3559297421875 0.19857833125 0.3925239671875 0.2295809296875 0.399244325 0.2571445578125 0.377687684375 0.25736835468749997 0.376470809375
1 0.31947254531249997 0.3436064390625 0.3195649484375 0.343104015625 0.16917572812499998 0.27437833125 0.14534696875 0.2796036359375 0.131901125 0.29748938593749996 0.27729577656250004 0.358772490625 0.290248075 0.361580128125 0.31947254531249997 0.3436064390625
1 0.177258746875 0.454982921875 0.0452749421875 0.398668521875 0.029019312499999998 0.43364851406250005 0.028594409375 0.4359588828125 0.1265434078125 0.47695089843750005 0.1376991890625 0.479369109375 0.17707375 0.4559888328125 0.177258746875 0.454982921875
0 0.0648447640625 0.25124430000000003 0.057778846875 0.2800789125 0.13892503125 0.3079201078125 0.15727727656249998 0.29364532187500003 0.15781240624999998 0.2907355921875 0.0648447640625 0.25124430000000003