0 0.3472224484375 0.80837353125 0.30182577187500004 0.916312403125 0.511303790625 0.9866077265625 0.690831921875 0.9824291625000001 0.691705153125 0.9312963171875 0.3472224484375 0.80837353125
0 0 0.835295040625 0.2612420921875 0.95968254375 0.2649330078125 0.9603908109375 0.331831959375 0.8560232234375 0.33284435 0.8523455140625 0.0084872390625 0.71236294375 0 0.719067415625 0 0.835295040625
1 0.40371616875000005 0.6525468484375 0.1397791296875 0.5686672125000001 0.0881820921875 0.61778191875 0.37240691875 0.7093499984375 0.375858540625 0.7100123468749999 0.4027962953125 0.65588846875 0.40371616875000005 0.6525468484375
1 0.6989154171874999 0.7275549421874999 0.6902440750000001 0.682148996875 0.400683778125 0.6670629859375 0.38889951875 0.73191945625 0.392629684375 0.7326352578125 0.6969491046875 0.73469795625 0.6989154171874999 0.7275549421874999
0 0.689275459375 0.6472596734375 0.692715153125 0.634764303125 0.6983276078125 0.5898969734375 0.4586159921875 0.5353020234375 0.44125652187500003 0.5911557671875001 0.6687947765625 0.6433295296875 0.689275459375 0.6472596734375
1 0.44589260781249995 0.566441259375 0.4574736171875 0.5156070296874999 0.2193409578125 0.5066401828125 0.20154959374999998 0.5536674421875001 0.21003393125 0.5552955468749999 0.44589260781249995 0.566441259375
0 0.701126759375 0.5177217609375 0.69807740625 0.49024921250000003 0.4968257734375 0.46701856875000003 0.48444808593750005 0.502845990625 0.497487703125 0.505348228125 0.69950659375 0.523607328125 0.701126759375 0.5177217609375
0 0.29645511562500004 0.4174861765625 0.2764141578125 0.44675477968750005 0.4826304765625 0.486326690625 0.5048017984375 0.4467734515625 0.50536089375 0.4447424296875 0.29645511562500004 0.4174861765625
1 0.5312874078125 0.385704265625 0.365035353125 0.364895578125 0.3462168109375 0.3873822828125 0.355472925 0.3891584859375 0.5252127171875001 0.4093037921875 0.5397926187500001 0.3873363734375 0.5312874078125 0.385704265625
1 0.7037917671875 0.4446177171875 0.7017297499999999 0.4236164546875 0.53769034375 0.3960548265625 0.5205923718750001 0.41922705625 0.5385436718750001 0.422671825 0.7022373046875 0.45026460312500005 0.7037917671875 0.4446177171875
1 0.70634619375 0.38921253125 0.7053814078125 0.38022875 0.55888861875 0.361917703125 0.5462022953125001 0.37724700312500004 0.5564366875 0.379210934375 0.7047254734374999 0.39510011875 0.70634619375 0.38921253125
0 0.5638091640625 0.33043475624999996 0.4157022578125 0.33658411250000003 0.397093175 0.3502507375 0.40089628125 0.350980534375 0.5521596546875001 0.349592321875 0.563287784375 0.332328775 0.5638091640625 0.33043475624999996
1 0.2822532390625 0.32117891875 0.10589309375 0.2989540984375 0.10106864374999999 0.317539025 0.1891231046875 0.3345980515625 0.2581444890625 0.3478429203125 0.2817275265625 0.3230886796875 0.2822532390625 0.32117891875
0 0.1108223984375 0.2924092984375 0.027794107812500003 0.25910796875000003 0.024073696875 0.2807564578125 0.08843869062500001 0.3071919453125 0.0905542296875 0.3075979078125 0.10976797499999999 0.2962396953125 0.1108223984375 0.2924092984375
1 0 0.37107353125000003 0.18530069062500001 0.40663183593749996 0.213065215625 0.369811140625 0.026331689062500004 0.33361005312500003 0 0.3646971296875 0 0.37107353125000003
1 0 0.4499402578125 0.07147021875000001 0.494747775 0.07460085625 0.49534852812499996 0.12046791875 0.4649358109375 0.12065972031250001 0.46423905000000004 0 0.4033501359375 0 0.4499402578125