0 0.44254936406249995 0.7066635515625 0.163097625 0.6371455375 0.125667859375 0.7052648671874999 0.38780106718749996 0.7763894859375 0.3956489109375 0.7770727374999999 0.44267665 0.7090804890625 0.44254936406249995 0.7066635515625
0 0.1326168109375 0.6812499421875 0.16728933125 0.6016723140625 0.1672188609375 0.600334228125 0.050590573437499994 0.5782528921875 0.05872960000000001 0.67128240625 0.1178627390625 0.6799654140625 0.1326168109375 0.6812499421875
0 0.3537781640625 0.5013186984375 0.14039333437499998 0.44217478593750004 0.1236299859375 0.5009104359375 0.30050676875 0.5438155953125 0.3143476375 0.545020615625 0.353878571875 0.503225290625 0.3537781640625 0.5013186984375
0 0.9771413687500001 1 0.9859723406249999 0.959516359375 0.9857917578125001 0.9560874046875 0.613546365625 0.7951926078125 0.5671251390625 0.8745507874999999 0.8374933734375001 1 0.9771413687500001 1
1 1 0.775193146875 0.718445071875 0.6445879156250001 0.6712115140625 0.6818099671875 0.9911828187499999 0.853746140625 0.994467059375 0.8540320765624999 1 0.8279270859375 1 0.775193146875
1 0.6619628109375 0.5505692609375 0.47173225468749996 0.4541032796875 0.4395435859375 0.47062779062500004 0.624461565625 0.570468384375 0.628661790625 0.5708340671875 0.662002575 0.55132431875 0.6619628109375 0.5505692609375
1 0.7228895734375 0.46403998281250003 0.5483505656250001 0.41722705156249995 0.5255990875000001 0.4393031890625 0.6981944859375 0.4993105796875 0.70354575 0.499776475 0.722978484375 0.4657282484375 0.7228895734375 0.46403998281250003
0 0.6264637343749999 0.37979422500000004 0.48080329062500005 0.336423709375 0.459371221875 0.3546475671875 0.6078170125 0.40455564375 0.6132300546875 0.40502691718749995 0.6265413265625 0.381267603125 0.6264637343749999 0.37979422500000004
1 1 0.467314359375 0.8673666265625 0.46271849375 0.8568299109374999 0.4818796984375 1 0.4970817125 1 0.467314359375
0 1 0.5476890265625001 0.8201645609374999 0.49009744375000003 0.7961742390625 0.52708858125 1 0.5985259171874999 1 0.5476890265625001
1 1 0.6742118140625 0.79241890625 0.5472258921875001 0.7574804 0.5760155640625 1 0.7217330625 1 0.6742118140625
1 0.7681113140625 0.4049579078125 0.6321037859375 0.3855107859375 0.624580596875 0.4065371703125 0.7514429484375 0.4418847828125 0.7555609578125 0.4422433078125 0.7682835828125001 0.40822896406250003 0.7681113140625 0.4049579078125