0 0.931831303125 0.57301553125 0.6910780578125 0.4839655484375 0.6691237546875 0.52318473125 0.9081182140624999 0.63295500625 0.9125314343750001 0.633578740625 0.93157173125 0.5745480203125 0.931831303125 0.57301553125
1 0.677507534375 0.5190658515625 0.46063504843749997 0.42623750156250007 0.41918176875 0.466445125 0.6512623468750001 0.5538170359375 0.658975703125 0.5549071875 0.67698025 0.52217888125 0.677507534375 0.5190658515625
1 0.35567164375 0.556173803125 0.3260810890625 0.6189137671875 0.343241240625 0.6213390640625 0.626589665625 0.6427122796875 0.6379401234375 0.5757003125 0.35567164375 0.556173803125
1 0.949721 0.7188767671875 0.9397568656249999 0.657170584375 0.632099003125 0.625889603125 0.6222934234374999 0.6861625140625 0.655968259375 0.6909218828125 0.9484911468749999 0.7261376953124999 0.949721 0.7188767671875
0 0.5766714265624999 0.8256555703125 0.2731785640625 0.6552727640625 0.1878051875 0.712563725 0.5032965515625001 0.9247722171874999 0.5066825828125 0.925250775 0.57600048125 0.8296167671875001 0.5766714265624999 0.8256555703125
0 0.9363052796875 0.9284789828125 0.6065023015625 0.769897796875 0.5610924578125001 0.8565491234374999 0.7711380812499999 0.9608061703124999 0.9295339874999999 0.9525049921875001 0.9351989250000001 0.9350107828124999 0.9363052796875 0.9284789828125
0 0.719139453125 0.3943582484375 0.5023503515625001 0.389241575 0.4853966734375 0.422492134375 0.495213703125 0.42387960468749997 0.6978237796875 0.44068310468750005 0.71890571875 0.39573819375 0.719139453125 0.3943582484375
0 0.9319022765625 0.44971630312500005 0.719805134375 0.42036778906250005 0.6979411046874999 0.4617134921875 0.9312239312499999 0.492774653125 0.9329986609375001 0.4822968328125 0.9319022765625 0.44971630312500005
1 0.7346664890625 0.3585726765625 0.73504148125 0.35635875625 0.7345183671875 0.327667215625 0.5628840046875 0.3359509765625 0.5538109140625 0.35613625312499997 0.556692275 0.3627621796875 0.5615757 0.3634523703125 0.7346664890625 0.3585726765625
1 0.7465684640625 0.33882969375 0.745626053125 0.3386965 0.7308452859375001 0.362790784375 0.9198161499999999 0.425189165625 0.92269043125 0.42559539687500003 0.927519590625 0.4028757234375 0.9283580015625 0.3979258328125 0.7465684640625 0.33882969375
0 0.7700499062499999 0.2986978453125 0.6096413875 0.28140638125 0.5930284125 0.306023840625 0.5954344125000001 0.3063638875 0.759902834375 0.3209847375 0.769915871875 0.299489171875 0.7700499062499999 0.2986978453125
0 0.321321634375 0.2654889296875 0.1971863890625 0.215394790625 0.177211940625 0.22725477187499998 0.2930005234375 0.2874175984375 0.2971227765625 0.2880002078125 0.3213178171875 0.2655114625 0.321321634375 0.2654889296875
1 0.4822367703125 0.31193394531249996 0.329360571875 0.2485820640625 0.3087789890625 0.27766826875 0.44601211249999995 0.3312543234375 0.4520954 0.3321140921875 0.4822367703125 0.31193394531249996
1 0.3430962890625 0.3884137640625 0.14251278750000002 0.3641198546875 0.10736858125 0.4033585390625 0.28607125 0.43557007968750006 0.3068859046875 0.4385118796875 0.3428220734375 0.39003270625 0.3430962890625 0.3884137640625
1 0.415925959375 0.3682543 0.2614312890625 0.27619940781249996 0.230113146875 0.286925128125 0.38701917343750003 0.38161748906250004 0.39043551875000004 0.38210033125 0.4155778234375 0.37030967187499997 0.415925959375 0.3682543
1 0.22882959062500002 0.466931634375 0.036807396874999995 0.4576089453125 0.014297307812500002 0.512974559375 0.0271701578125 0.5147939187499999 0.188195765625 0.519005125 0.2283776546875 0.46959982031249997 0.22882959062500002 0.466931634375
0 0.059323514062500006 0.6573533734375 0.014577626562500001 0.6263142984375001 0.0159904875 0.6870165734375 0.059070742187500004 0.6588457125 0.059323514062500006 0.6573533734375
1 0.082255703125 0.2599134296875 0.05353940625 0.28737674687500003 0.21262058125 0.31852178750000004 0.2435958125 0.2959266109375 0.24379407031250003 0.29475610625000004 0.082255703125 0.2599134296875
1 0.9281692609375 0.3431556453125 0.92808953125 0.33027532656249997 0.7678478390625 0.321346296875 0.754340953125 0.33834169375 0.763742865625 0.3396704953125 0.9270058234375 0.35002446875 0.9281692609375 0.3431556453125