0 0.656546071875 0.8252947718750001 0.6306780609375 0.939417725 0.6463464250000001 0.9439610093749999 0.9003285875 0.92174045 0.9054750578125 0.8984104703125 0.656546071875 0.8252947718750001
0 0.635283965625 0.9014123875 0.6389199125 0.9019330078125 0.6408455453124999 0.8932037296875001 0.6592773796875 0.7885939046875 0.3172858515625 0.7136768531250001 0.26422663125 0.800192228125 0.2641978875 0.8026659546875001 0.635283965625 0.9014123875
1 0.7386728390624999 0.6208324703125 0.45955714687500004 0.562565959375 0.42112589843750003 0.6204605671875 0.70722628125 0.6857943390625 0.7162080859375 0.68708041875 0.7386137515625 0.6211003265625 0.7386728390624999 0.6208324703125
1 0.9456902296875 0.7232361890625 0.7490916515625 0.6310686109375 0.7183673328125 0.6851355921875 0.9207612921875 0.7884717140624999 0.9275738921875 0.7894471921874999 0.9424014796875 0.7381447484375 0.9456902296875 0.7232361890625
1 0.7780171874999999 0.5565429640625 0.565525209375 0.45093225156249994 0.5277493125 0.4872266515625 0.757224784375 0.5936130984375 0.7610386015625 0.5941591875000001 0.77777558125 0.5576382078125001 0.7780171874999999 0.5565429640625
0 0.964366778125 0.6392958234375 0.9657364203125001 0.6394919390625 0.967896596875 0.6296994234375 0.9681681015624999 0.5926002015625 0.791735896875 0.5506181015625 0.7734575234375 0.58910900625 0.964366778125 0.6392958234375
0 0.9844270125 0.5476345984375001 0.9857842874999999 0.5414818 0.9892448953124999 0.5046227546875001 0.8320241375 0.452508446875 0.8139761265625 0.48298211406249997 0.9820650750000001 0.5472964 0.9844270125 0.5476345984375001
0 0.8325369953124999 0.4377183484375 0.6158464890625 0.40250374375 0.5971183843750001 0.4333846265625 0.800106190625 0.47637881562500006 0.8032796390625 0.4768332125 0.8318990296875001 0.4406103734375 0.8325369953124999 0.4377183484375
1 0.8697622812500001 0.383034975 0.67515440625 0.35512593125 0.664135321875 0.3706536265625 0.8419866875 0.4134782 0.8473329890624999 0.41424372343750004 0.86931485 0.38506326875 0.8697622812500001 0.383034975
1 1 0.43936850781250003 0.8732374593750001 0.3894626953125 0.846660453125 0.416468746875 0.846492678125 0.41722931093750004 0.9900241109374999 0.46672055312499994 0.9988520765625 0.4679846046875 1 0.4627808375 1 0.43936850781250003
0 0.8907754359375 0.37332786093750003 0.733966003125 0.289892109375 0.7162605078125 0.319918153125 0.8713062203125 0.390437890625 0.87614276875 0.39113042187499997 0.8899645828124999 0.3770036203125 0.8907754359375 0.37332786093750003
1 1 0.385369225 0.9040148234375 0.3449204328125 0.89149744375 0.37196245625 0.99773068125 0.4085402546875 1 0.4088651921875 1 0.385369225
0 0.1710976734375 0.605885140625 0.1715616921875 0.60378165 0.0033974171875 0.5839663125000001 0.003939009375 0.67705814375 0.11726752031250001 0.6885471937500001 0.1710976734375 0.605885140625
0 0.145752065625 0.4051153765625 0.144749878125 0.4049718765625 0.07548968125 0.437453696875 0.28643620468750003 0.5502361625 0.2882211828125 0.5504917484375 0.3443763109375 0.5119053328125001 0.34469792187500004 0.5104474 0.145752065625 0.4051153765625
0 0.029857120312500002 0.3605503953125 0.013516315625 0.41244887500000005 0.076556871875 0.4507816671875 0.1356148046875 0.4174080421875 0.13580703125 0.41653664218750003 0.029857120312500002 0.3605503953125
0 0.0803111859375 0.3134837953125 0.0404621546875 0.34197127968749996 0.2388166234375 0.370373103125 0.2764141015625 0.3280807109375 0.27667368125 0.32690398125 0.0803111859375 0.3134837953125
0 0.45155492812500003 0.2541758015625 0.31648499218750004 0.24388320624999998 0.2892408390625 0.267036965625 0.29433186718750004 0.2677659375 0.4333293328125 0.2826621671875 0.4514728578125 0.2545478390625 0.45155492812500003 0.2541758015625
1 0.382640109375 0.30973052343749996 0.3490803640625 0.33696631250000003 0.5025434 0.38873899375 0.53496040625 0.3679929890625 0.53509818125 0.3673684328125 0.382640109375 0.30973052343749996
1 0.60041931875 0.3065163796875 0.4512356984375 0.2761754890625 0.41777823906249995 0.3003920109375 0.5761936859375 0.33055664375 0.5781380656249999 0.330835053125 0.600240184375 0.30732842968749996 0.60041931875 0.3065163796875