0 0.427430534375 0.6246913562499999 0.417857375 0.729425503125 0.831870653125 0.719544403125 0.79505411875 0.617028815625 0.427430534375 0.6246913562499999
0 0.0597222015625 0.6265432078125001 0.00176010625 0.729425503125 0.4081322515625 0.726955171875 0.42480392812499995 0.62320441875 0.0597222015625 0.6265432078125001
0 0.471180534375 0.322839503125 0.4630098109375 0.3798842375 0.7283674125 0.3687680859375 0.71447430625 0.3230683109375 0.471180534375 0.322839503125
0 0.2747588390625 0.2452552453125 0.26017112343750004 0.2847793609375 0.4762082421875 0.26625244062500003 0.490101284375 0.22796349062500001 0.2747588390625 0.2452552453125
0 0.4803761609375 0.273663209375 0.7012759390625 0.26625244062500003 0.694329321875 0.23537425937499998 0.48478053593750003 0.23170945625 0.486628040625 0.23290398437499998 0.4803761609375 0.273663209375
0 0.35659720156249997 0.1265432078125 0.34561346406250004 0.14891526093750002 0.5116355546875 0.1415044921875 0.5123302296875 0.12421273749999999 0.35659720156249997 0.1265432078125
1 0.1576388671875 0.43395061406249996 0.12749232187499998 0.5071024609375 0.44008625625000003 0.50092674375 0.44633813437500003 0.43175961406249996 0.1576388671875 0.43395061406249996
1 0.4534722015625 0.428395059375 0.44078092968749993 0.4922809234375 0.75893206875 0.5033970765625 0.743649740625 0.42805422968749995 0.4534722015625 0.428395059375
1 0.22951386718750003 0.3265432078125 0.20251486562499998 0.37370857812499997 0.45675793281250004 0.376178853125 0.4692616890625 0.3205980921875 0.22951386718750003 0.3265432078125
1 0.05385909531250001 0.168677346875 0.035103459375 0.2007906375 0.21015609375 0.19585014375 0.2330796484375 0.16991245625 0.05385909531250001 0.168677346875
1 0.002430534375 0.2339506140625 0 0.26254705624999997 0.1538891859375 0.26625244062500003 0.17472878125 0.23784447812499998 0.002430534375 0.2339506140625
1 0.0781719671875 0.3625924265625 0.10943136093750001 0.3193629265625 0.0024547484375000003 0.3243034765625 0 0.3588870421875 0.043439296875 0.3662978109375 0.0781719671875 0.3625924265625
1 0.91870234375 1 0.903420015625 0.944337778125 0.38784720156249997 0.9339506140625 0.37965142812499997 1 0.91870234375 1
1 0.38520869687500003 0.9332216265625 0.0114852609375 0.9270459109375 0.0010654624999999998 0.9986833734375 0.3789568171875 0.9986833734375 0.38520869687500003 0.9332216265625