0 0.9297243125 0.5764982765625 0.6726754953125 0.5415679359375 0.6607003390624999 0.5842877671875 0.922391471875 0.6399901203125 0.9267128874999999 0.6190614875 0.9297243125 0.5764982765625
1 0.45629094062500003 0.45139990625 0.4540417859375 0.45093549218750006 0.417083715625 0.49380399218750004 0.659159728125 0.563508246875 0.665049534375 0.5647243953125 0.6804012312500001 0.5289494515625 0.6808518718750001 0.5267670046874999 0.45629094062500003 0.45139990625
1 0.6345082328125 0.611409925 0.3576196296875 0.54946719375 0.320071290625 0.6082420921875 0.5955700968750001 0.6716659390624999 0.6165410625 0.67599609375 0.6345082328125 0.611409925
1 0.9151480718749999 0.7998933234375001 0.924102015625 0.8017421640625001 0.9241536343750001 0.8014921734374999 0.9311212109375001 0.7336438140625 0.6443540953125 0.6151745531249999 0.6191457484375 0.6710316578125 0.619112959375 0.6711904578125 0.9151480718749999 0.7998933234375001
0 0.572277971875 0.8124924421875 0.247556053125 0.67099033125 0.1694935828125 0.7357545437499999 0.5057296609375 0.9148418875000001 0.5133887171875 0.9164233578125 0.572277971875 0.8124924421875
0 0.923011053125 0.8901506046875 0.553286975 0.8577796718749999 0.5432269828125 0.9529064359375001 0.552198709375 0.9547589484375001 0.8195536734375001 0.9814664140625 0.919389615625 0.97914270625 0.9266632187500001 0.94391661875 0.923011053125 0.8901506046875
0 0.7219058031250001 0.4284185640625 0.5073419265625 0.398203496875 0.487710475 0.4291614375 0.641856921875 0.46099011875 0.6970954125 0.4721172546875 0.721430671875 0.43071963125 0.7219058031250001 0.4284185640625
0 0.9247912734374999 0.5433497625 0.930206603125 0.5171233046875 0.9315939999999999 0.5014953171875 0.7254041640625 0.44041175624999995 0.698745275 0.4781254890625 0.9189320000000001 0.54213991875 0.9247912734374999 0.5433497625
1 0.7306801078125 0.409111325 0.736667128125 0.38011616406250004 0.5742995421875 0.333852834375 0.5598024828125 0.3502378578125 0.5606956375000001 0.3583880234375 0.7165359546875 0.406190790625 0.7306801078125 0.409111325
1 0.925919559375 0.46059628124999996 0.9313848515625001 0.43412785156249994 0.7479226546875 0.372771571875 0.747679896875 0.37272144687500003 0.7332435578125 0.3967410578125 0.9142160859375 0.45817970937499997 0.925919559375 0.46059628124999996
0 0.7684924578125 0.3573775609375 0.627530784375 0.27991250624999997 0.6032615625 0.296554553125 0.7485085296875 0.3728952640625 0.753049134375 0.373832821875 0.7680567703125 0.35948759531249996 0.7684924578125 0.3573775609375
0 0.327042090625 0.261666196875 0.203749121875 0.213392540625 0.184180184375 0.22535352656250002 0.29925125 0.28332288437500003 0.306730528125 0.28486723125 0.3261136390625 0.2661626875 0.327042090625 0.261666196875
1 0.4886996265625 0.2902944796875 0.32392511874999996 0.2790505890625 0.31455532812500003 0.3120172140625 0.3198228609375 0.31310487343750004 0.467999215625 0.32021881093750004 0.48789836875 0.29417496875000004 0.4886996265625 0.2902944796875
1 0.1580840609375 0.339425434375 0.11474490468750001 0.367978409375 0.2977496546875 0.45651477500000004 0.3439630234375 0.4193145140625 0.3444861453125 0.4167810328125 0.1580840609375 0.339425434375
1 0.43033620937499995 0.3488101265625 0.254971684375 0.295241428125 0.22725896875 0.3128201828125 0.3975335484375 0.36585638593750003 0.4076408171875 0.36794336875 0.4301053546875 0.349928153125 0.43033620937499995 0.3488101265625
1 0.230760271875 0.47290515781250003 0.0412079 0.4345536140625 0.012352571875 0.48580957968750005 0.0782662859375 0.49941966718749997 0.183453771875 0.518272603125 0.2305127328125 0.47410399375 0.230760271875 0.47290515781250003
1 0.245895940625 0.3145849453125 0.100693665625 0.23160492968750002 0.0657553109375 0.24926801406250002 0.2070719671875 0.3265292328125 0.2098989125 0.32711295156250003 0.24586428906250002 0.3147382328125 0.245895940625 0.3145849453125
1 0.9293777765625 0.3974746109375 0.930977984375 0.38972479375 0.9322584468749999 0.38018554843749996 0.7754669562500001 0.3444308859375 0.7591389171875 0.359577540625 0.851898953125 0.381476521875 0.9293777765625 0.3974746109375