0 0.9664259203125001 0.9105631140625 0.96536940625 0.9036260875 0.9371092328125 0.8191343390625001 0.5521100125 0.817700503125 0.5468026078125 0.9133197125000001 0.87824129375 0.9229668546875001 0.9664259203125001 0.9105631140625
0 0.546629146875 0.9085757375 0.530309503125 0.801421725 0.1750351484375 0.8803467250000001 0.146245459375 0.9954815968749999 0.17019494375 0.9938068859375001 0.5480594171875001 0.918873153125 0.546629146875 0.9085757375
1 0.54545646875 0.6618167125000001 0.2561636890625 0.65075555 0.2297157875 0.719676925 0.53154655625 0.7309182125 0.5402164375 0.7296987374999999 0.5467138734375 0.6700727734374999 0.54545646875 0.6618167125000001
1 0.8549670515625 0.6360601781249999 0.8195149046875001 0.5756167640625 0.5437593625 0.672957459375 0.5568194859375 0.7352849078125 0.5599685953125 0.734841965625 0.8559424906249999 0.6424648734375 0.8549670515625 0.6360601781249999
0 0.8069431796875 0.5701908328124999 0.805365965625 0.5598349265625 0.7931256453125 0.5161645890625 0.5498872765625 0.5149264062500001 0.5476331484375 0.5607377765625 0.8047214296874999 0.5705033359375 0.8069431796875 0.5701908328124999
1 0.548317896875 0.566272015625 0.3123786328125 0.5278936234375 0.2827299640625 0.5741625078125 0.5343056578125001 0.6069547734375 0.5414219828125 0.6059538156250001 0.54868765 0.568699809375 0.548317896875 0.566272015625
0 0.552806740625 0.4364167375 0.5522674015625 0.43649259999999995 0.5491668890625 0.472130140625 0.754705553125 0.45713163906250004 0.7672925796875 0.45536119062499997 0.76612026875 0.44766385781249995 0.758409778125 0.4186321546875 0.552806740625 0.4364167375
0 0.5444654250000001 0.455715946875 0.5422767234375 0.4143998890625 0.340851753125 0.480034146875 0.3382762390625 0.5220423281250001 0.34165279375 0.52156739375 0.5444654250000001 0.455715946875
1 0.5506251171875001 0.3527557265625 0.5495180140625 0.3529114484375 0.38554228749999997 0.408869175 0.3843240578125 0.4347661328125 0.3879107375 0.4342616421875 0.55441205 0.377620546875 0.5506251171875001 0.3527557265625
1 0.74153293125 0.3797694828125 0.74126513125 0.378011115625 0.7311235734375 0.3549889765625 0.5608326796875 0.36565471562499996 0.5616614265625001 0.39292466406250004 0.7333702640624999 0.380917615625 0.74153293125 0.3797694828125
0 0.564531409375 0.34012497656249996 0.4184394125 0.3251075125 0.4029916015625 0.347035465625 0.5548538546875 0.36166672499999997 0.562369675 0.36060957656250003 0.5651324875 0.3440716296875 0.564531409375 0.34012497656249996
1 0.7096682578125 0.2986992890625 0.7087713109375 0.29882544843750003 0.56766573125 0.3353667953125 0.574277784375 0.35893462187499997 0.5788997765625 0.358284509375 0.724134765625 0.3175033515625 0.72373221875 0.31486025 0.7096682578125 0.2986992890625
1 0.2879807703125 0.39520508906249996 0.1080604359375 0.41293591249999995 0.09777514375 0.44813801093750005 0.147699975 0.44111575781249995 0.27427740625 0.41786892656249996 0.2881794359375 0.396509521875 0.2879807703125 0.39520508906249996
1 0.2426561484375 0.482179353125 0.2425219453125 0.481298190625 0.052628390625 0.4665176796875 0.0405015953125 0.495652734375 0.0405125953125 0.49572496875 0.21763832187499998 0.5104934437499999 0.2242643640625 0.5095614484375 0.2426561484375 0.482179353125
1 0.167452584375 0.6031045625 0.19895771874999998 0.5590433703125 0.19853086874999998 0.5562406859375 0.0574306390625 0.5625040718750001 0.055704240625 0.5477277359375 0.05547065625000001 0.5577241671875 0.056640215625000004 0.6037213078125 0.16600675625 0.603307928125 0.167452584375 0.6031045625
1 0.07165325624999999 0.675631459375 0.0712749484375 0.708103015625 0.074408396875 0.7286770921875 0.0750997375 0.7285798515625 0.10489117031249999 0.6793723984375 0.104646428125 0.6777654296875 0.07165325624999999 0.675631459375
0 0.047861862500000005 0.463080134375 0.0983734484375 0.44420431093749996 0.108906125 0.404311840625 0.108692790625 0.40291109531249997 0.03454425 0.423184521875 0.036208684375 0.44357468281249995 0.043372928125 0.46371153125 0.047861862500000005 0.463080134375