0 0.3592433078125 0.6267010171875 0.1319732703125 0.6109108828125 0.06860234531250001 0.6715143671875 0.30013362187500003 0.6999663375 0.306551853125 0.6989928109375 0.35932254218750004 0.6273137 0.3592433078125 0.6267010171875
0 0.5877982734375 0.6777539531250001 0.35368384375 0.6563661093750001 0.3019380140625 0.726833221875 0.543900796875 0.7655372546875 0.548582615625 0.7648271109375 0.5880125671875 0.6794109484375 0.5877982734375 0.6777539531250001
0 0.48702764531250003 0.4992343953125 0.29167641093749996 0.46766175 0.262085628125 0.5049801484375 0.443841634375 0.542492440625 0.45171515624999997 0.541298175 0.487211075 0.5006527421875 0.48702764531250003 0.4992343953125
0 0 0.8379860125 0.1186135859375 0.88684004375 0.11940012656250001 0.8867207390624999 0.18204890468749999 0.7889067765625 0.18190125625 0.787765103125 0 0.74223435 0 0.8379860125
0 0.39459661874999996 1 0.46287691249999996 0.9254280359375 0.46273841562499995 0.9243571218750001 0.2107457203125 0.7788684265625 0.1524114546875 0.8294306265625 0.15241854999999999 0.8294854984375 0.1710971703125 0.8997260453125 0.3271179796875 1 0.39459661874999996 1
0 0.7060487453125 0.5010852703124999 0.487785184375 0.52376035 0.4467224390625 0.576573646875 0.6574908578125 0.5605699468750001 0.679965403125 0.5571609765625001 0.7062083125 0.5023191078125 0.7060487453125 0.5010852703124999
0 0.7385234953125 0.2863608546875 0.7382401421875 0.284169871875 0.6055743875 0.2962973859375 0.5967177640625 0.30618807656249997 0.596729078125 0.30627555625 0.720609903125 0.3143516625 0.726989275 0.3133840328125 0.7385234953125 0.2863608546875
0 0.5853270484374999 0.43798839375 0.5851578484375 0.4366800765625 0.4223232796875 0.385297659375 0.389472171875 0.39678004218749996 0.38182064375 0.3941076515625 0.5546361109375 0.4657370921875 0.5569489578125 0.4653862765625 0.5853270484374999 0.43798839375
1 0.86176010625 0.36890401562499997 0.6753268765625 0.3300028421875 0.6425981593750001 0.36160678281249997 0.8369351453125 0.397675521875 0.8435575015625 0.396671034375 0.8619056875 0.3700297125 0.86176010625 0.36890401562499997
1 0.8277109984375001 0.61223898125 0.9532567359374999 0.630871978125 0.957595421875 0.577720890625 0.862564740625 0.5606221031249999 0.8277109984375001 0.61223898125
1 0.7242877062499999 0.8046732406249999 0.93407023125 0.8659163640624999 0.9424726250000001 0.7629827953125 0.773900225 0.7223124296875 0.7242877062499999 0.8046732406249999
1 0.91597123125 0.28547744062499997 0.744777440625 0.29490961250000003 0.744104734375 0.2950116484375 0.7441983765625 0.2957357375 0.76717806875 0.319889190625 0.8940281656250001 0.3085565125 0.8975807437500001 0.3080176515625 0.9160596999999999 0.28616150625 0.91597123125 0.28547744062499997
1 0.802165884375 0.4474826140625 0.593213165625 0.40282511718749997 0.5726227828125 0.42436068125000004 0.7647421640625 0.48592965781249997 0.7671319421875 0.4855671734375 0.8022863625 0.4484142140625 0.802165884375 0.4474826140625