0 0.8339546125 0.8850516328125 0.45050605312499997 0.8702300968750001 0.44078092968749993 0.9653349171875 0.8645193953125 0.9925077703125 0.8339546125 0.8850516328125
0 0.44842209375 0.8554085609375001 0.083680534375 0.8395061703125 0.023294343749999998 0.94557283125 0.4324450921875 0.972745684375 0.44842209375 0.8554085609375001
1 0.1837592296875 0.661493425 0.1565972015625 0.7302469109375 0.46578844531249997 0.7417767078125 0.4741242828125 0.6726095765625 0.1837592296875 0.661493425
1 0.7707412140625001 0.6824905625000001 0.47847220156250003 0.6691358000000001 0.46648311875 0.731895721875 0.7811610124999999 0.7578334109375 0.7707412140625001 0.6824905625000001
0 0.7387872109375 0.5688588234374999 0.49635316406249996 0.5676236578125 0.49357459375 0.6133234328125 0.7533749281250001 0.62320441875 0.7387872109375 0.5688588234374999
1 0.2546138546875 0.555272453125 0.22951386718750003 0.6043209859374999 0.48871200000000004 0.6108532140625 0.49287991875000003 0.5688588234374999 0.2546138546875 0.555272453125
0 0.5144141890625 0.47498905625 0.5065972015625 0.509876540625 0.725588715625 0.52068883125 0.7207261859375 0.482399825 0.5144141890625 0.47498905625
0 0.30254492499999996 0.4688134546875 0.2857638671875 0.5080246890625 0.5026050421875 0.5120428968749999 0.5144141890625 0.4725188375 0.30254492499999996 0.4688134546875
1 0.3567278734375 0.405821925 0.346180534375 0.4302469109375 0.526223271875 0.43422983281249994 0.5317804765624999 0.40952730937500004 0.3567278734375 0.405821925
1 0.7033598984375 0.411997528125 0.533169825 0.41076241874999997 0.5317804765624999 0.43793521562500004 0.712390346875 0.43793521562500004 0.7033598984375 0.411997528125
0 0.5435896234375 0.3650627015625 0.3963231046875 0.35765193281249996 0.38183720625 0.3803156640625 0.5408109890625 0.38729500625 0.5435896234375 0.3650627015625
1 0.6936347109375001 0.37000319375 0.5472222015625 0.36358024375000003 0.54636819375 0.38853011406250004 0.7033598984375 0.3922354984375 0.6936347109375001 0.37000319375
1 0.080555534375 0.3858024671875 0.062889575 0.4206434609375 0.242804771875 0.41940829687500003 0.2615604078125 0.39964626718749996 0.080555534375 0.3858024671875
1 0.203209540625 0.4539919171875 0.012847201562499999 0.4524691328125 0.0024547484375000003 0.482399825 0.18514857812500002 0.48487015624999996 0.203209540625 0.4539919171875
1 0.00176010625 0.5725642078125001 0.1115153203125 0.583680359375 0.1504158765625 0.5404509171874999 0.007317342187500001 0.5318049828125 0.007317342187500001 0.5169834468750001 0.005928025 0.5268644328125001 0.00176010625 0.5725642078125001
1 0.0003472015625 0.6450617265624999 0 0.7047228671875 0.034408815625 0.6466718890625 0.0003472015625 0.6450617265624999
0 0.0872024484375 0.38605983906249997 0.0045138671875 0.38209876249999997 0.0052333828125 0.4243488453125 0.06358425 0.4218785703125 0.0872024484375 0.38605983906249997