0 0.5716801984375001 0.8527824562499999 0.5632841749999999 0.8544739515625001 0.5811709484375001 0.9549051453124999 0.9862198781249999 0.89913948125 0.9965140046875 0.8970655875 0.996118853125 0.8953451187500001 0.9396760640625 0.7920193984375 0.5716801984375001 0.8527824562499999
0 0.565605390625 0.8613159093749999 0.5644446515625 0.8562621281249999 0.20173601093750002 0.8878602250000001 0.16085691562499999 0.9974758187500001 0.22395520625 0.9960071890625001 0.567708125 0.9687050312500001 0.565605390625 0.8613159093749999
1 0.8557781921875 0.638500971875 0.8260469593750001 0.5909422906249999 0.5450705328125001 0.672204171875 0.5613347156249999 0.7394250734375001 0.5684647078125 0.7379886375 0.8574696484375 0.6458654609375001 0.8557781921875 0.638500971875
1 0.5440676328125 0.684203175 0.5382330890625 0.6587999546875001 0.255596559375 0.698351325 0.25485427031249996 0.6985008703125 0.24206016875 0.7611570203125 0.5341040593749999 0.7304808671874999 0.548889290625 0.7275021765624999 0.5440676328125 0.684203175
0 0.798231928125 0.5407361078124999 0.7777248375 0.5077581296875 0.5423392578125 0.545173253125 0.5462556562499999 0.5981609296875 0.690986559375 0.569002871875 0.799492771875 0.5462257328125 0.798231928125 0.5407361078124999
0 0.5447959078125 0.458192428125 0.3286821828125 0.48459242968750005 0.3160589296875 0.5078624609375 0.5271102 0.504213340625 0.5324971281249999 0.5031280703125 0.5453395484375 0.460559403125 0.5447959078125 0.458192428125
0 0.7472089484375 0.43664869843750004 0.54379689375 0.44268054062499995 0.5398839796875 0.48349551875 0.734411365625 0.48008654375 0.7523955515625 0.47646337968749997 0.7499642421875 0.4486450640625 0.7472089484375 0.43664869843750004
1 0.36929955312499996 0.418305234375 0.3616662671875 0.4445496875 0.53975301875 0.4086716265625 0.5396262468749999 0.40790447656250006 0.5335971046875 0.3816539921875 0.36929955312499996 0.418305234375
1 0.5353962796875 0.35663860937499997 0.540993178125 0.4003701265625 0.7209718953124999 0.40575307499999996 0.7152814265624999 0.38097715625 0.7151728578125 0.3806114515625 0.535803890625 0.35655648906250004 0.5353962796875 0.35663860937499997
1 0.53774455 0.35109740624999997 0.39920125624999997 0.3591661078125 0.3829791515625 0.38399036875000003 0.5270589640625001 0.377558546875 0.5417384578125 0.37460115781250003 0.5410156484375 0.36533955156250003 0.53774455 0.35109740624999997
1 0.7052694984375 0.351275684375 0.7006647703125 0.3312269984375 0.699961946875 0.328845334375 0.541315665625 0.3310536 0.5376894421875 0.3511717859375 0.6903287312499999 0.3542857109375 0.7052694984375 0.351275684375
1 0.2383050625 0.5127311234375 0.04206689375 0.505963996875 0.0361280390625 0.544719178125 0.21520006875000003 0.5430016484375 0.21715147968749998 0.542608509375 0.2386218484375 0.5141103921875 0.2383050625 0.5127311234375
1 0.277820528125 0.4417074296875 0.277704728125 0.44120324218749996 0.1145238765625 0.43760196249999994 0.095060975 0.45201435468750006 0.0900042234375 0.4740350875 0.245718675 0.47271901562499996 0.25853838281249997 0.47013630624999997 0.277820528125 0.4417074296875
1 0.1844536328125 0.5838410578125 0.049911390625 0.623303565625 0.060186949999999996 0.662415778125 0.0734004359375 0.6597537375 0.1697052328125 0.6307492406249999 0.18489205 0.5857498984375 0.1844536328125 0.5838410578125
0 0.11133651874999999 0.45300622968750004 0.1110472875 0.4517469390625 0.024180578124999998 0.4613929203125 0.025669017187499997 0.4897940375 0.10285930937500001 0.47424297656250003 0.11133651874999999 0.45300622968750004