0 0.6722222015625 0.5043209859375 0.663764665625 0.5478616859375001 0.9318852328125 0.58244519375 0.9311906234375 0.5182186125 0.6722222015625 0.5043209859375
1 0.43577970156249995 0.47469135625 0.40811677343749997 0.5243942140625 0.665138409375 0.5441563015625 0.6734742484375 0.5033970765625 0.43577970156249995 0.47469135625
1 0.6470774484375 0.6096180484375 0.3649463671875 0.5802469109375 0.3344835140625 0.6429665046874999 0.63665765 0.6763149609375 0.6470774484375 0.6096180484375
1 0.9589767078125 0.6429665046874999 0.650363034375 0.6117283921875 0.6422148546875001 0.6726095765625 0.972175203125 0.7121336359375 0.9589767078125 0.6429665046874999
0 0.2711963671875 0.7450617265624999 0.2150031453125 0.829470871875 0.5956731343749999 0.906048771875 0.6227646078125 0.7874764828124999 0.2711963671875 0.7450617265624999
0 0.9964879796874999 0.8554085609375001 0.628488034375 0.8080246890625 0.6144287703125 0.9035785531249999 0.9992666781249999 0.9579241484375001 0.9964879796874999 0.8554085609375001
0 0.47897139843750003 0.407057034375 0.46390470156249997 0.441358021875 0.6776421671875 0.45152164375000003 0.696397803125 0.404586759375 0.47897139843750003 0.407057034375
0 0.9138243359375 0.43175961406249996 0.700363034375 0.40617283750000005 0.6804208015625 0.44781625937499997 0.9172975171875001 0.47498905625 0.9138243359375 0.43175961406249996
1 0.700565721875 0.34406550625 0.528986428125 0.340360121875 0.519113034375 0.359876540625 0.522039875 0.36753291875 0.6998711125 0.37494368749999996 0.700565721875 0.34406550625
1 0.89923661875 0.3539465484375 0.7054283156250001 0.34777088906250003 0.6984817624999999 0.37494368749999996 0.9020151890625 0.38235445625 0.89923661875 0.3539465484375
0 0.550520634375 0.31071704843750003 0.7179320734375 0.3255385859375 0.727657196875 0.30330628125 0.5664977 0.2860144703125 0.550520634375 0.31071704843750003
0 0.14067527500000002 0.2983657875 0.12536303437500002 0.315432096875 0.258766296875 0.3391250125 0.275437971875 0.3094819390625 0.14067527500000002 0.2983657875
1 0.27682732187500003 0.3168927078125 0.2670297015625 0.35061728125 0.42062053125 0.3588870421875 0.44354408593750005 0.32924396875 0.27682732187500003 0.3168927078125
1 0.3233690421875 0.45646213593749996 0.1211963671875 0.4320987625 0.0871869703125 0.47128367187500003 0.28724711875 0.5071024609375 0.3233690421875 0.45646213593749996
1 0.210140584375 0.3601221515625 0.1857797015625 0.38209876249999997 0.3719947859375 0.407057034375 0.3928343828125 0.383589621875 0.210140584375 0.3601221515625
1 0.22611761718749998 0.55650750625 0.0336963671875 0.5302469109375 0.0073728203125 0.584915525 0.18096515 0.6046774984375001 0.22611761718749998 0.55650750625
0 0 0.8072385687500001 0.012930023437499999 0.8232951578125001 0.07892211875 0.736836271875 0 0.715432096875 0 0.8072385687500001
1 0.039326887500000005 0.34777088906250003 0.0149547015625 0.378395059375 0.17756282968749998 0.38976522343750003 0.2060436515625 0.3625924265625 0.039326887500000005 0.34777088906250003
1 0.8902769984375001 0.3094819390625 0.729538034375 0.3061728375 0.71661374375 0.3243034765625 0.891666346875 0.32924396875 0.8902769984375001 0.3094819390625