1 0.8186812984375 0.5753007265625001 0.81873340625 0.574860721875 0.6261751671875 0.4856637359375 0.629246821875 0.4824894046875 0.5929895375 0.513265271875 0.78491070625 0.6001417796874999 0.7895524218750001 0.601115525 0.8186812984375 0.5753007265625001
1 0.89452406875 0.539403725 0.73123114375 0.4369192671875 0.7017807 0.45497559687500005 0.8534733953125 0.5627099624999999 0.856559271875 0.563357321875 0.894448240625 0.540044003125 0.89452406875 0.539403725
1 0.9672631296875001 0.4625464640625 0.78373714375 0.44119244999999996 0.7742356390625 0.45658872500000003 0.7762984859375 0.457021471875 0.9420002171874999 0.486378459375 0.9672090843750001 0.46300281718749997 0.9672631296875001 0.4625464640625
1 0.8003957515625 0.42073047499999994 0.664276503125 0.3604392453125 0.640189853125 0.373237403125 0.77353703125 0.43131974843750004 0.7792463796875 0.43251746406249997 0.8001000875000001 0.4232270171875 0.8003957515625 0.42073047499999994
1 0.7185645468749999 0.4400253765625 0.718729921875 0.43862897343749996 0.57334349375 0.3852135359375 0.547139584375 0.40982591875 0.547123565625 0.409961178125 0.6855329015625 0.46624326250000003 0.6910972890625 0.4674105671875 0.7185645468749999 0.4400253765625
0 0.618957346875 0.4996163765625 0.4628256984375 0.3894997046875 0.43675244375 0.39259521406250003 0.5747445140624999 0.5230796359375 0.576469653125 0.5234415390625 0.618957346875 0.4996163765625
0 0.5088887390625 0.5178741015625 0.32784639531250004 0.4142773671875 0.2882652421875 0.461826965625 0.44728920624999996 0.5418762687500001 0.4556448203125 0.543629121875 0.508828946875 0.518378978125 0.5088887390625 0.5178741015625
0 0.708065184375 0.60928139375 0.49364235 0.5450424703125 0.44670409062500005 0.5685671328125 0.6653789046874999 0.6457230375 0.6719710765625 0.647105953125 0.7079786734375 0.6100118671875 0.708065184375 0.60928139375
0 0.5554568359375 0.7560349328125 0.3083090234375 0.5828664546875 0.24158556718750002 0.6145139796875 0.4793746125 0.7998314093750001 0.4807219015625 0.800114046875 0.555367790625 0.756786821875 0.5554568359375 0.7560349328125
0 0.3102966453125 0.5827346875 0.13546182812500002 0.487130496875 0.0537764625 0.5235801328125 0.2444259453125 0.6265015859374999 0.2476834953125 0.627184959375 0.3100930421875 0.584453871875 0.3102966453125 0.5827346875
1 0.9154835625000001 1 0.7476164734374999 0.8121393328125001 0.7471639671875 0.812044403125 0.67079691875 0.8619417625000001 0.79773941875 1 0.9154835625000001 1
1 0.96984961875 0.8713209281250001 0.987654703125 0.81426979375 0.988304815625 0.8087803484375 0.8559643828124999 0.7059876921875 0.8098369968749999 0.7399959546875 0.96514366875 0.8703337078125 0.96984961875 0.8713209281250001
1 1 0.6710154187499999 0.9357150031250001 0.6421919625 0.8949614765625 0.6702387421875 0.9924605671875 0.7331805109375 0.99558940625 0.7338368828124999 1 0.6965945140625001 1 0.6710154187499999
0 0.385320465625 0.8627233500000001 0.3855214453125 0.8610263078125 0.1278905796875 0.7020803109375 0.0279332796875 0.7773062921875 0.0279128953125 0.7774784234375 0.286275390625 0.9587320015625 0.29014921718750003 0.9595446593749999 0.385320465625 0.8627233500000001
0 0.052606871875 0.7526975515625 0.13280266093749998 0.6709486328125001 0.13311357968749998 0.668323284375 0.01393656875 0.598771840625 0.0170383640625 0.732037621875 0.05196866875 0.7525636671875 0.052606871875 0.7526975515625