0 0.5398283828125 0.7866583406250001 0.183705875 0.7990529515625 0.12722146406249998 0.9082945703125 0.522874334375 0.8943042921875 0.52765961875 0.8931904890625001 0.5398283828125 0.7866583406250001
0 0.5570916828125 0.70942964375 0.5420437640625 0.8228994999999999 0.9371734625 0.8749177375 0.952195290625 0.871421315625 0.9522864249999999 0.869682365625 0.93568895 0.7537020625 0.5570916828125 0.70942964375
1 0.5386295390625 0.59704046875 0.25205670625 0.6027912625 0.2217055390625 0.6655447062500001 0.5207209640625 0.666817890625 0.529907159375 0.664679746875 0.538989471875 0.599555615625 0.5386295390625 0.59704046875
1 0.8592766375 0.5665645953125 0.8269293953125001 0.5127941546875 0.538251159375 0.592537153125 0.5422693984375 0.6633746890625 0.55311296875 0.66085078125 0.8600255953125 0.5717981828124999 0.8592766375 0.5665645953125
0 0.796358925 0.45134969375 0.7947542703125 0.4401366359375 0.5499844484375 0.43604050625 0.5397662234375 0.48191875624999997 0.53991753125 0.48297606093749995 0.79326726875 0.5027520625 0.8004266375 0.5010856765625 0.796358925 0.45134969375
1 0.5464121 0.472420509375 0.310807865625 0.50026745625 0.307769171875 0.50097473125 0.2840542015625 0.55220495625 0.28409059062500003 0.5524592375 0.534852903125 0.5204467140625 0.541357065625 0.51893283125 0.5465266375 0.473220875 0.5464121 0.472420509375
0 0.7638290765625 0.369476771875 0.5591334734375 0.3486463515625 0.5409685078125 0.39370383750000004 0.7605048812499999 0.41761033281250004 0.7627425515625 0.417089503125 0.76432813125 0.3729640875 0.7638290765625 0.369476771875
0 0.5549472359375 0.3866224984375 0.3378453734375 0.412907971875 0.3241492546875 0.4268280203125 0.5363355078125001 0.43362356875 0.5383854125 0.433146440625 0.5552892703125 0.3890125796875 0.5549472359375 0.3866224984375
1 0.54833165625 0.29564318125 0.37671926718750004 0.351654284375 0.3724192 0.3790087140625 0.3793882078125 0.377386634375 0.5512099781249999 0.3251310921875 0.5507454390625 0.3125102875 0.54833165625 0.29564318125
1 0.7277829515625001 0.275122921875 0.55871708125 0.3065264515625 0.5519782984375 0.33773694062500004 0.7435952359375 0.3064000609375 0.7432630328125 0.3040786796875 0.7277829515625001 0.275122921875
1 0.7290821890625 0.250395709375 0.720758109375 0.2315758046875 0.5605394421875001 0.2549773796875 0.5578485015625 0.2838313640625 0.558103159375 0.2856108859375 0.664106334375 0.265519234375 0.7290821890625 0.250395709375
0 0.5564642656250001 0.2629708765625 0.40830655781249997 0.281444146875 0.4056918984375 0.3105329578125 0.552318 0.296255634375 0.553665590625 0.29594197499999997 0.5566985171875001 0.26460777968750004 0.5564642656250001 0.2629708765625
0 0 0.409885915625 0.12168150468750001 0.4310801265625 0.1249530703125 0.4303186484375 0.14604425468749999 0.4057458546875 0 0.3925858078125 0 0.409885915625
1 0.2447811734375 0.4343995625 0.0571187046875 0.4516130171875 0.027436548437500003 0.497332134375 0.21117209531249997 0.4668544671875 0.22392125937500001 0.463887021875 0.245067140625 0.43639784531250003 0.2447811734375 0.4343995625
1 0 0.6134904171875 0.0161825265625 0.6097238359375 0.1672453109375 0.5621545421875 0.18963654531250002 0.509506265625 0.003857690625 0.5670787359375 0 0.5911491 0 0.6134904171875
1 0 0.7175484156249999 0.0005758499999999999 0.7203980484375 0.04869055 0.7200820218749999 0.0631690453125 0.716712065625 0.10738758125 0.649025028125 0.10707139843749999 0.6468156078125 0 0.6528686 0 0.7175484156249999
1 0 0.5011851859374999 0.026883093749999996 0.5018872125 0.0298060515625 0.5012068765625 0.0410566625 0.45402072968749996 0.04070335625 0.4515518890625 0.032335071874999996 0.45344838125000003 0 0.46097456562500005 0 0.5011851859374999