1 0.51927671875 0.37494368749999996 0.344224115625 0.37000319375 0.3324150328125 0.405821925 0.513024840625 0.39964626718749996 0.51927671875 0.37494368749999996
1 0.6978026296875 0.37247346875 0.521360678125 0.37741396250000003 0.5178874343750001 0.4021165421875 0.702665159375 0.4033516515625 0.6978026296875 0.37247346875
0 0.71447430625 0.440405490625 0.508680534375 0.43765431875000005 0.49843712343749996 0.47498905625 0.717947615625 0.476224221875 0.71447430625 0.440405490625
0 0.7373978609375 0.5355103671875 0.4857638671875 0.5265432078125001 0.48871200000000004 0.5713290421874999 0.7422603921875 0.5787398109375 0.7373978609375 0.5355103671875
1 0.7665732953125 0.6404962859375 0.4690972015625 0.6320987625 0.45675793281250004 0.6973120984375 0.7783824421875 0.7059580328124999 0.7665732953125 0.6404962859375
0 0.8242295531250001 0.8356464750000001 0.443055534375 0.8339506140624999 0.4338343765625 0.9356918437499999 0.859656865625 0.9505133812500001 0.8242295531250001 0.8356464750000001
0 0.37756746875 0.3280088609375 0.3670138671875 0.3524691328125 0.521360678125 0.35271138281250003 0.5338644359375 0.3243034765625 0.37756746875 0.3280088609375
1 0.6936347109375001 0.32677369375 0.53733774375 0.32924396875 0.52900190625 0.35271138281250003 0.6957186703125 0.3490059984375 0.6936347109375001 0.32677369375
0 0.2955984359375 0.43917038125 0.277430534375 0.4802469109375 0.494963878125 0.4873403734375 0.5144141890625 0.4292893390625 0.2955984359375 0.43917038125
1 0.486628040625 0.5280995984375 0.25044593593750003 0.5182186125 0.229348125 0.558000315625 0.47273499843750005 0.5775047578125 0.486628040625 0.5280995984375
1 0.1754233921875 0.6355557359375 0.146180534375 0.696913578125 0.45328468749999995 0.7022526484375 0.464399159375 0.6355557359375 0.1754233921875 0.6355557359375
0 0.44425417500000003 0.829470871875 0.074698690625 0.8257654890625 0.012874546875 0.9208703078125 0.424109253125 0.9332216265625 0.44425417500000003 0.829470871875
1 0.19001110937500001 0.42805422968749995 0.0045138671875 0.43395061406249996 0 0.4663431796875 0.17264482187500002 0.4663431796875 0.19001110937500001 0.42805422968749995
1 0.25391924375 0.37247346875 0.0857638671875 0.3709876515625 0.0760880078125 0.39841115781249997 0.22960634062500002 0.39964626718749996 0.25391924375 0.37247346875
0 0.08303452812499999 0.3662978109375 0.0045138671875 0.36172839218749997 0.0031494234375 0.3947057734375 0.0719200875 0.38482473125 0.08303452812499999 0.3662978109375
1 0.12957628125 0.5169834468750001 0.002430534375 0.5117283921875 0 0.5540372875 0.09623292812499999 0.5614480562499999 0.12957628125 0.5169834468750001
1 0.0003472015625 0.6265432078125001 0.0024547484375000003 0.6713744109374999 0.0330194984375 0.626909803125 0.0003472015625 0.6265432078125001