0 0.3106667515625 0.7654372390625 0.31056487499999996 0.7647711187499999 0.0173226140625 0.7168096078125 0.015155320312500001 0.7171775296875 0.02597615625 0.8117447515625 0.25248002187499996 0.850537671875 0.25503875468750004 0.8501033 0.3106667515625 0.7654372390625
0 0.4250162109375 0.6212428562500001 0.21262762031250002 0.5529004578125 0.15341371718750002 0.5916351546875 0.3739614140625 0.6670992890624999 0.3758719265625 0.666774959375 0.4250299609375 0.6213327734375 0.4250162109375 0.6212428562500001
0 0 0.6186808578125 0.152744146875 0.616065896875 0.200991709375 0.566857290625 0.200895134375 0.566225840625 0.0029686265625 0.5537740640625 0 0.579958128125 0 0.6186808578125
0 0.296738765625 0.466959959375 0.128300484375 0.48824731874999994 0.10799267812499999 0.52471385625 0.2667251625 0.5130037171875 0.2785678265625 0.5109933015625 0.2969100359375 0.4680798078125 0.296738765625 0.466959959375
0 0.45332568125000006 0.3707821609375 0.308022184375 0.33789431875 0.290368278125 0.3562518890625 0.432508584375 0.38843544375 0.43838558125000004 0.3874377625 0.45362948750000004 0.37276857812499997 0.45332568125000006 0.3707821609375
0 0.84276731875 0.7911751015624999 0.471865290625 0.791457575 0.44898125 0.8872347312500001 0.8545290984375 0.9048262359375 0.8551987953125 0.9047125484375 0.84803788125 0.8256363999999999 0.84276731875 0.7911751015624999
0 0.8548881093749999 0.9402304031250001 0.9631673921875 0.9272121890625 0.9673059265624999 0.8256452968750001 0.8465096796875 0.825576721875 0.8548881093749999 0.9402304031250001
0 0.8745978328125 0.459214340625 0.9712974875 0.4582052890625 0.9788047828125 0.4569308484375 0.9749620765625 0.43180551093749997 0.9691206828125001 0.40790138125000003 0.8801135640625001 0.4170972953125 0.8769812203124999 0.405537346875 0.8745978328125 0.459214340625
0 0.8870537421875 0.4066575421875 0.6527247984375 0.4181952953125 0.6392653140625 0.45294505 0.8656605374999999 0.461911659375 0.8700112750000001 0.46117307500000004 0.887135115625 0.4071896 0.8870537421875 0.4066575421875
0 0.9155728125 0.3234951890625 0.7316793578125 0.29374256249999997 0.7193371015625 0.31285622812499997 0.9017958937499999 0.34670663125 0.9023131734375 0.3466188171875 0.91574746875 0.3246371734375 0.9155728125 0.3234951890625
1 0.49980372187500005 0.4776370640625 0.3005582203125 0.49607896875 0.28246125 0.5348228640625 0.46398897968749997 0.520615209375 0.482042078125 0.5175505078125 0.500011075 0.4789928265625 0.49980372187500005 0.4776370640625
1 0.5555077515625 0.43740575625 0.3836478625 0.3900815765625 0.35045972812500004 0.4119397125 0.5295817875 0.4588966421875 0.5345012875 0.45806150625 0.5555915234375 0.4379534875 0.5555077515625 0.43740575625
1 0.8467772859375 0.6099842078125 0.5541228828125 0.6193780125 0.5377490515625001 0.6798597515625 0.8472516156250001 0.6705322390624999 0.8507335375 0.6699411468750001 0.8483318015625001 0.6201483234375 0.8467772859375 0.6099842078125
1 0.8697924171875 0.5323166031250001 0.6221256078125 0.48193153593750004 0.5967110875 0.5257770374999999 0.8526680859375 0.581091609375 0.8575578421875001 0.5802615234374999 0.870087359375 0.53424506875 0.8697924171875 0.5323166031250001
1 0.45747617500000004 0.3383556359375 0.45607791718749996 0.33859300625 0.4560950328125 0.364935615625 0.5836027015624999 0.38649665 0.58659665625 0.3859883953125 0.604078453125 0.3609040390625 0.6040505203125 0.3607213984375 0.45747617500000004 0.3383556359375
1 0.8585508031250001 0.69108258125 0.9729109265625 0.6880887421875 0.97527328125 0.6301123859375 0.8552447015625001 0.6330516890625 0.8585508031250001 0.69108258125
0 0.8633871859375001 0.5207847578125 0.862351471875 0.5624177312499999 0.9776229796875 0.5724466875 0.9800101578125 0.5138611390625 0.8647387562500001 0.5205553140625 0.8633871859375001 0.5207847578125
1 0.8920638140625 0.34608120625 0.6923086140625 0.355032071875 0.68655941875 0.3870683234375 0.874206375 0.37510125625 0.8857482093750001 0.3731419078125 0.8922734140624999 0.3474516609375 0.8920638140625 0.34608120625
1 0.3654737375 0.3874848671875 0.22120022499999997 0.41813943125 0.2073109578125 0.451956853125 0.22000631249999997 0.44980168281250005 0.3514092078125 0.4206905140625 0.3657937640625 0.3895773546875 0.3654737375 0.3874848671875
1 0.17526914843750002 1 0.17755080625 0.9943377734375 0.177264765625 0.992467515625 0.0430331453125 0.9755519296875 0.04677226875 1 0.17526914843750002 1