0 0.24822967343750002 0.7659807625 0.3209181296875 0.7095338078125 0.32102880625 0.7076673890625 0.0496895703125 0.5520587078125 0.047329059374999996 0.5516220265625 0.0458948375 0.56223495 0.053433171875 0.654583359375 0.243066121875 0.7650255375 0.24822967343750002 0.7659807625
0 0.466864171875 0.596358646875 0.26569160625 0.47471054375 0.20216304531249998 0.4966111890625 0.4090475546875 0.62634205 0.4153080375 0.6275002046875 0.4667610296875 0.598097996875 0.466864171875 0.596358646875
0 0.07069748125 0.41611651875 0.0587549953125 0.413907225 0.050369631250000005 0.47607114843750004 0.064188109375 0.4786274875 0.2078063796875 0.4994449203125 0.2566748 0.4588185171875 0.256732128125 0.45785173593749995 0.07069748125 0.41611651875
0 0.37146136093750004 0.4175130375 0.2024656328125 0.3790664359375 0.17501980156250002 0.4064503421875 0.3325358578125 0.4505688640625 0.3445248671875 0.4527867625 0.3713951078125 0.41863029531249996 0.37146136093750004 0.4175130375
0 0.4043574 0.31466870625 0.4011251984375 0.31407076875 0.384439215625 0.3300643578125 0.52895625 0.3781235203125 0.5324460390625 0.3787691125 0.548643796875 0.3645793984375 0.5487566 0.36267712812499997 0.4043574 0.31466870625
0 0.8236227890625001 1 0.8332464999999999 0.981557715625 0.8333536109375 0.979751459375 0.51660525 0.74387474375 0.4476600234375 0.8045658687499999 0.6898163765625 1 0.8236227890625001 1
0 0.9763116890625 1 0.8357521515625 0.9447428890625 0.8258578734375 1 0.9763116890625 1
0 1 0.585671853125 0.9555074906250001 0.568134853125 0.9565418703124999 0.5563684421875 0.9358934015625 0.6029668312500001 1 0.634726659375 1 0.585671853125
0 0.958500975 0.5502736109375 0.72479879375 0.5076706359375 0.7083392546875 0.538545959375 0.927026784375 0.59784296875 0.9377124796875 0.5998197625 0.9582982781249999 0.5536917875 0.958500975 0.5502736109375
0 1 0.48200879218750003 0.8280474468750001 0.41397683125 0.8140691046875 0.4298199328125 0.9837469375 0.501107909375 0.9951049734374999 0.50320908125 1 0.4973305734375 1 0.48200879218750003
1 0.5654050328125 0.5088326953125 0.3729262765625 0.437881628125 0.3437590390625 0.4649025296875 0.5324358609375001 0.5372781328125 0.53785155 0.538280003125 0.5651621812500001 0.5129280234375 0.5654050328125 0.5088326953125
1 0.4661861515625 0.3825760671875 0.4315071578125 0.3969368484375 0.6102435234375 0.4827921 0.63437175625 0.46644202031250004 0.63441644375 0.4656884078125 0.4661861515625 0.3825760671875
1 0.878141609375 0.75810233125 0.596186753125 0.6413422843750001 0.5628332296874999 0.6894953125 0.8630484796875001 0.8144495328125 0.864136303125 0.8146507734374999 0.87785666875 0.7629074625000001 0.878141609375 0.75810233125
1 0.9215556703125 0.6390109265625 0.66864179375 0.5740093468749999 0.6470557171875 0.6163824671875 0.9007663328125 0.684672615625 0.9125678328125 0.6868558265625 0.9215556703125 0.6390109265625
1 0.69341898125 0.42616833125 0.5554590375 0.3487909765625 0.548973203125 0.37377918593750004 0.6677354 0.44264758281249994 0.6701483796875001 0.44309396874999996 0.69341898125 0.42616833125
1 1 0.810012346875 0.8852644078124999 0.7658327484375 0.8733831796875 0.8208725109375001 1 0.8694007875 1 0.810012346875
0 1 0.6933326375 0.9195140984375 0.6592292671875 0.9048875109375001 0.6962360796875 1 0.752173646875 1 0.6933326375
1 0.9721423874999999 0.5336849375 0.7911402562500001 0.4292625421875 0.771915315625 0.4528103828125 0.952191453125 0.552769378125 0.9560546875 0.5534840546875001 0.971947940625 0.5369639875 0.9721423874999999 0.5336849375
1 0.45709420468750006 0.38757143906249997 0.313859 0.3314645234375 0.285995303125 0.352346225 0.42499934687499996 0.4055129421875 0.4299942828125 0.4064369765625 0.45705838437499996 0.38817548125 0.45709420468750006 0.38757143906249997
1 0.145415828125 0.894224346875 0.145482059375 0.8931074499999999 0.0671126109375 0.8221634124999999 0.0762942703125 0.93464336875 0.08121544375 0.9355537578125 0.145415828125 0.894224346875