0 0.8372983375 0.6927254265625 0.8371147890625 0.6901091171875 0.8119033859375 0.5882901656249999 0.44549272812499996 0.5745494515625 0.4250243125 0.6786625171875 0.8363479437500001 0.69283615 0.8372983375 0.6927254265625
0 0.4260973234375 0.65526119375 0.415418003125 0.567135925 0.0653992171875 0.6872779234374999 0.038506025 0.80144993125 0.046640840625 0.800502203125 0.42721143906250003 0.671141903125 0.4260973234375 0.65526119375
0 0.7138139031249999 0.343726490625 0.7134432296875 0.3384428578125 0.7063392078125 0.29811017500000003 0.46488679375 0.279478846875 0.44982496875000005 0.3358041328125 0.706980209375 0.34452263437499997 0.7138139031249999 0.343726490625
0 0.47540889062499997 0.23818501093750002 0.4753306609375 0.2370699171875 0.2613469140625 0.22299996875 0.2396371625 0.2597760078125 0.23965588750000003 0.2600429109375 0.4496129125 0.27269607812499996 0.455694353125 0.2719875734375 0.47540889062499997 0.23818501093750002
0 0.6829036484375 0.194320528125 0.682879940625 0.1939825953125 0.6669011703125001 0.1677926578125 0.4664759453125 0.23839631562500002 0.4686021546875 0.2388624375 0.4749755890625 0.27757283906249997 0.4810921203125 0.2768602484375 0.6829036484375 0.194320528125
0 0.338290884375 0.11493699375 0.33125834374999996 0.115756303125 0.3198351234375 0.1376380859375 0.47274460156250003 0.12903278437500001 0.48607512656249996 0.1274797453125 0.4862943234375 0.12455469062499999 0.48534486093749996 0.111020959375 0.338290884375 0.11493699375
1 0.1511835765625 0.4629074421875 0.1330649234375 0.539823103125 0.1409464953125 0.5389048796875 0.4399235609375 0.47155260625000006 0.4350797703125 0.40250876875 0.1511835765625 0.4629074421875
1 0.7574024703125 0.449856709375 0.757091703125 0.445426990625 0.7379086499999999 0.3769895796875 0.4484617453125 0.41105254843749994 0.4402578390625 0.4760501921875 0.74731398125 0.45103204531249996 0.7574024703125 0.449856709375
1 0.45235944687499996 0.290425165625 0.21770557343750002 0.344508153125 0.19852444687499998 0.3959274546875 0.2019178296875 0.39553211718750003 0.44991661406250005 0.3471684953125 0.4529835515625 0.2993212078125 0.45235944687499996 0.290425165625
1 0.2112193328125 0.1906960171875 0.0342303390625 0.1884402921875 0.013819725 0.22047861562499999 0.1761865578125 0.21683728281249998 0.190150775 0.215210415625 0.21135453124999998 0.19262315000000002 0.2112193328125 0.1906960171875
1 0 0.29491328437500003 0.1128571859375 0.28843425 0.1389100171875 0.2853990296875 0.15630093125 0.2590596375 0.15615976874999998 0.257047484375 0 0.266243303125 0 0.29491328437500003
1 0 0.40339290625 0.040560490625 0.3986675046875 0.0408648765625 0.398619625 0.0732307171875 0.38397669687499997 0.0908686703125 0.33435323125 0.0907865421875 0.33318256874999996 0 0.3680421234375 0 0.40339290625
1 0.4109248046875 0.9644948375 0.683472459375 0.9565580625000001 0.9432560203125 0.9262926140625 0.9429553484375001 0.9220068250000001 0.935585059375 0.893545671875 0.42027205 0.8981631906249999 0.4109248046875 0.9644948375
1 0.4190143234375 0.95748785625 0.049933465625 0.9231571078125 0.0331845234375 0.9852630359375001 0.033804721875 0.9941034046875 0.069005528125 0.9967860156249999 0.41507325625 0.980667653125 0.41928804218750004 0.9613894671875001 0.4190143234375 0.95748785625