0 0.7378472015625 0.8320987625 0.7311459828125 0.9468079968750001 0.9923355390624999 0.9962131546874999 1 0.8825813015625 0.7378472015625 0.8320987625
0 0.7339245531249999 0.8430572421875 0.3907659 0.7442470390625 0.3386669109375 0.8270005406250001 0.3386669109375 0.829470871875 0.7151689171875 0.9554539312499999 0.7339245531249999 0.8430572421875
1 0.48732271406249994 0.591091128125 0.4534722015625 0.6487654296875001 0.7547641484375001 0.71583901875 0.7721305640625 0.64914210625 0.48732271406249994 0.591091128125
1 0.9985874171875 0.688666278125 0.777430534375 0.6450617265624999 0.763794725 0.7034878140624999 1 0.7578334109375 0.9985874171875 0.688666278125
1 0.555555534375 0.49691357812500003 0.530391190625 0.5404509171874999 0.7915808109375 0.586150578125 0.796443340625 0.545391353125 0.555555534375 0.49691357812500003
0 0.9923355390624999 0.5725642078125001 0.808947096875 0.54662651875 0.7971380781249999 0.586150578125 0.999976765625 0.619499034375 0.9923355390624999 0.5725642078125001
0 0.8256187734375 0.45152164375000003 0.814930534375 0.48395061406249995 1 0.52068883125 0.9937248875 0.4774593875 0.8256187734375 0.45152164375000003
0 0.601940490625 0.4243488453125 0.5878472015625 0.45617283750000004 0.800611259375 0.48487015624999996 0.8256187734375 0.44411087499999996 0.601940490625 0.4243488453125
1 0.651260909375 0.3662978109375 0.6420138671875 0.38209876249999997 0.83048143125 0.41940829687500003 0.8506262890625 0.38729500625 0.651260909375 0.3662978109375
1 0.8513210265625 0.38729500625 0.832565390625 0.41940829687500003 0.9971981953125001 0.43793521562500004 0.995808846875 0.40952730937500004 0.8513210265625 0.38729500625
0 0.6818255640625 0.35765193281249996 0.861740825 0.3687680859375 0.8707712734375 0.34653578125 0.6859934828124999 0.3243034765625 0.6818255640625 0.35765193281249996
1 0.9965034578124999 0.3588870421875 0.8722222015625001 0.341358021875 0.8686873140625 0.37000319375 0.9971981953125001 0.3798842375 0.9965034578124999 0.3588870421875
0 0.1518052265625 0.79488725 0.21015609375 0.7170741859375 0.00451506875 0.6672842390625 0.0038440656250000003 0.76153879375 0.1518052265625 0.79488725
0 0.12749232187499998 0.5083375125 0.0701388671875 0.5561728375 0.312964721875 0.6120882671875 0.3567278734375 0.5602128890625 0.12749232187499998 0.5083375125
0 0.078866609375 0.552802121875 0.1263888671875 0.5061728375000001 0.0045387078125 0.478694440625 0.0052333828125 0.5318049828125 0.078866609375 0.552802121875
0 0.21362933750000002 0.47128367187500003 0.252430534375 0.428395059375 0.0545537375 0.404586759375 0.014263862499999998 0.43175961406249996 0.21362933750000002 0.47128367187500003
0 0.27128553125 0.30701166406249997 0.24409720156249998 0.328395059375 0.388681940625 0.3539465484375 0.40674290312499994 0.32677369375 0.27128553125 0.30701166406249997
1 0.346308075 0.378649071875 0.321180534375 0.4117283921875 0.486628040625 0.4292893390625 0.513024840625 0.4021165421875 0.346308075 0.378649071875
1 0.56442921875 0.3453006140625 0.40972220156250005 0.328395059375 0.380346103125 0.3551816578125 0.5456735828125 0.371238303125 0.56442921875 0.3453006140625