1 0.548131721875 0.3653173796875 0.39078197187499997 0.323854440625 0.38083157343749996 0.3217210046875 0.3614612484375 0.3519455953125 0.3612148671875 0.3529423828125 0.405322203125 0.362399315625 0.5364762390625 0.38819899375 0.5474017625 0.368270575 0.548131721875 0.3653173796875
1 0.718823075 0.41750113125 0.5589424937499999 0.3505723609375 0.5449918640625 0.3717394890625 0.7068444828125 0.446371878125 0.7107864296875 0.4472170609375 0.7145156109374999 0.43492784531249995 0.718823075 0.41750113125
0 0.7204412953125 0.4819999515625 0.5302159046875 0.41268926562499997 0.507273284375 0.44467451249999995 0.6955054890625 0.5115747359375 0.7122440390625 0.515163603125 0.7204412953125 0.4819999515625
0 0.7244369890625 0.5820910984375 0.722104253125 0.54311271875 0.47128441875 0.529747165625 0.47186483125 0.573127259375 0.48067785625 0.5750168359375001 0.7233756609374999 0.586384915625 0.7244369890625 0.5820910984375
1 0.713910909375 0.7538503921874999 0.7144356140625 0.7517275999999999 0.7241493546875 0.68845224375 0.445614146875 0.5933901515625 0.4127157546875 0.6521821359375 0.7086064421875 0.7527130765625001 0.713910909375 0.7538503921874999
0 0.75365676875 0.9611961828125001 0.7294082734375 0.8493258640624999 0.34983254218750004 0.8276700296874999 0.33193195468750003 0.927994415625 0.3387996734375 0.9294669046875 0.7525260609375 0.9657706890625001 0.75365676875 0.9611961828125001
0 0.572645846875 0.29843401875 0.5709188625 0.298063740625 0.41785932968750006 0.30436527343750003 0.406922971875 0.328925521875 0.4073347171875 0.329013803125 0.561199521875 0.32656801875 0.5710646875000001 0.3048309234375 0.572645846875 0.29843401875
1 0.72277106875 0.382152634375 0.7281436890624999 0.36041661875000003 0.5804461828124999 0.31731499375 0.5650240734375 0.33720329375 0.5649877828125 0.337350115625 0.7210094359375 0.3817749265625 0.72277106875 0.382152634375
0 0.3263435359375 0.363179390625 0.326316221875 0.3631735328125 0.29249428593750004 0.3939014875 0.4828556234375 0.4836947375 0.48739803125 0.48466866406250003 0.525750490625 0.4429477765625 0.526764078125 0.43884710312499997 0.3263435359375 0.363179390625
1 0.47933606093750003 0.488635396875 0.2465434203125 0.4624069421875 0.2217145828125 0.50016923125 0.23005594999999998 0.5019576796874999 0.4614176703125 0.5371002734375 0.47744997656250004 0.49626593437500005 0.47933606093750003 0.488635396875
1 0.1178654875 0.6228332765625 0.412867334375 0.6539703828125 0.43185740937499995 0.5890368578125 0.42714968437499995 0.5880274890625 0.1452054828125 0.5632548015625 0.10925096249999999 0.620986259375 0.1178654875 0.6228332765625
0 0 0.8466999140624999 0.34015605781249997 0.8450378953125 0.34486175 0.82600006875 0.361336034375 0.7405786062499999 0 0.74957376875 0 0.8466999140624999
1 0.2148407765625 0.35092825156249996 0.036107134375 0.312011715625 0.0250226796875 0.3373734234375 0.0237324203125 0.3425934265625 0.1310078203125 0.36960801249999997 0.1903143703125 0.382323765625 0.2142350515625 0.35337883125 0.2148407765625 0.35092825156249996
1 0.2905009421875 0.2967189375 0.12524773281249998 0.2777740171875 0.1124720328125 0.3028307890625 0.1253182125 0.305585103125 0.2637018328125 0.32133781093749997 0.29016851875 0.298063825 0.2905009421875 0.2967189375
0 0.126524128125 0.2754984265625 0.1268290078125 0.274264975 0.063022528125 0.237651653125 0.060040185937500004 0.23701221718749999 0.0438164703125 0.2652654296875 0.10446558125000001 0.285010809375 0.1097914484375 0.2861527140625 0.126524128125 0.2754984265625
1 0.1322425828125 0.40737196875 0.1325785921875 0.4060125796875 0.00825371875 0.4052156359375 0.00543180625 0.41663225156249994 0.0036917703125 0.446982228125 0.007259400000000001 0.4477471546875 0.0998895375 0.45164576093750003 0.1322425828125 0.40737196875