1 0.6081923687499999 0.4243488453125 0.6109709390625 0.4206434609375 0.5776275859375 0.4576973015625 0.7783824421875 0.5120428968749999 0.8061685265625 0.47992960625 0.6081923687499999 0.4243488453125
1 0.8784125015625 0.407057034375 0.69641328125 0.37000319375 0.6741844640625 0.39841115781249997 0.8485423296875 0.445345984375 0.8784125015625 0.407057034375
1 0.7603214171875 0.32677369375 0.7485122703125 0.34159523125 0.9124504640625 0.3798842375 0.9416258984375 0.35765193281249996 0.7603214171875 0.32677369375
1 0.6290319640625001 0.297130621875 0.6074976953125 0.3156575421875 0.7505962296875001 0.34159523125 0.773519784375 0.3243034765625 0.6290319640625001 0.297130621875
1 0.6929401000000001 0.36753291875 0.5449789078125 0.3341844625 0.51997139375 0.3625924265625 0.6651538875 0.4008813765625 0.6929401000000001 0.36753291875
0 0.4254985390625 0.381119346875 0.402574984375 0.3947057734375 0.5720703828125 0.4626377953125 0.60402445 0.4218785703125 0.4254985390625 0.381119346875
0 0.30601823281249996 0.4181731875 0.2726748796875 0.473754003125 0.44425417500000003 0.521923996875 0.49635316406249996 0.483634990625 0.30601823281249996 0.4181731875
0 0.70197055 0.5602128890625 0.4921852453125 0.4959863078125 0.44286488906250004 0.5194536640625 0.66098596875 0.598501896875 0.70197055 0.5602128890625
0 0.29837700625 0.598501896875 0.2407208125 0.64914210625 0.5074676359375 0.76153879375 0.5713757078125 0.6960770468749999 0.29837700625 0.598501896875
0 0.12749232187499998 0.5293347640625 0.049691175 0.5799749765625 0.24905665 0.6503772718749999 0.309491478125 0.5947965125 0.12749232187499998 0.5293347640625
1 0.73253533125 0.7504226421875 0.682520303125 0.8319410906250001 0.9874730093749999 0.9628646984375001 1 0.8702300968750001 0.73253533125 0.7504226421875
1 0.8471531078125001 0.6071478296875 0.8131150171874999 0.656552875 0.9985874171875 0.7281903375 1 0.65902320625 0.8471531078125001 0.6071478296875
1 0.9284275296875 0.5182186125 0.8923054796875001 0.555272453125 1 0.59726673125 0.9985874171875 0.5330401484375 0.9284275296875 0.5182186125
0 0.41299478125 0.8825813015625 0.16284720156250002 0.7320987624999999 0.05802701406250001 0.8109439515625001 0.309491478125 0.985097003125 0.41299478125 0.8825813015625
0 0.1462479578125 0.729425503125 0.0076388671875 0.63765431875 0.0031494234375 0.77636033125 0.053164451562500006 0.8097087859375 0.1462479578125 0.729425503125