0 0.878121975 0.8965182421875 0.878013078125 0.8944462812499999 0.8208218296875 0.800604278125 0.4506500046875 0.8985432828125001 0.4652449734375 0.98876503125 0.47760596875 0.9884773265625 0.5294643171875 0.9836499125 0.878121975 0.8965182421875
0 0.4593337578125 0.8951786734375 0.0944749640625 0.851702290625 0.024136875 0.949089928125 0.341841209375 0.9916372859375 0.43500714687500003 0.989468825 0.459520946875 0.8987403 0.4593337578125 0.8951786734375
0 0.744881 0.56941148125 0.7307276859375 0.529651825 0.48512726562499997 0.560762509375 0.4822265375 0.604923453125 0.547650690625 0.5988332203125 0.745157884375 0.574679728125 0.744881 0.56941148125
0 0.706955275 0.5042515125 0.705337678125 0.47347371406249994 0.5058955546874999 0.43490958593749995 0.485894271875 0.47960371718749994 0.48593054062499996 0.48029379843750003 0.6983676375 0.5050509234375 0.706955275 0.5042515125
0 0.49693394843750005 0.446889971875 0.288916221875 0.4895335140625 0.2763589515625 0.5286973515625 0.2830195296875 0.5280773296875 0.4932490890625 0.4924069953125 0.497303234375 0.45391633125 0.49693394843750005 0.446889971875
0 0.5130286296875 0.3353819359375 0.37308474375 0.379998775 0.3632944828125 0.40644941875 0.369305559375 0.40588985624999996 0.51385283125 0.357077253125 0.513948421875 0.3528827046875 0.5130286296875 0.3353819359375
0 0 0.45903318281249994 0.0089362265625 0.458201321875 0.067887290625 0.4422007078125 0.0737680984375 0.42193484843749995 0.07361563125000001 0.419033921875 0 0.43381929374999995 0 0.45903318281249994
1 0.4704583984375 0.6891064 0.1866707578125 0.6643085390625 0.145791125 0.7266108921875001 0.45137541875 0.7547897546875 0.457452903125 0.7542240109375 0.4708371609375 0.6963130609375 0.4704583984375 0.6891064
1 0.487954265625 0.574420009375 0.25298456874999997 0.5503027453125 0.21981319843749997 0.595672875 0.46741814843749996 0.6188121062499999 0.475824575 0.6180295640625 0.48803278906249997 0.5759140546875 0.487954265625 0.574420009375
1 0.6899890421875 0.390307040625 0.67826000625 0.36864729218750003 0.5104800796875 0.4147369671875 0.5128980875 0.444127475 0.5154113171875 0.44389352187500003 0.69033519375 0.3968932328125 0.6899890421875 0.390307040625
1 0.78440135625 0.6649122609375 0.7512684828125 0.6124311421875 0.47024015312499995 0.6955326078125 0.47634152187499995 0.761848321875 0.4824726609375 0.7612775828125 0.78469195625 0.6704415109374999 0.78440135625 0.6649122609375
1 0 0.502397278125 0.0315567390625 0.5195115640625 0.16506400000000002 0.523419921875 0.17300290625 0.5226809015625 0.1921136640625 0.49546730625 0.1918909984375 0.49123067656249997 0 0.4815845703125 0 0.502397278125
1 0.226573190625 0.41855857343749997 0.2363209765625 0.39065755156250004 0.0823672015625 0.437506996875 0.07548041250000001 0.469208303125 0.07700607968749999 0.46906627968750003 0.226573190625 0.41855857343749997
1 0 0.6097351734374999 0.0021255296874999998 0.618339903125 0.020234664062499998 0.6166541515625 0.10561744375 0.606334490625 0.1254918140625 0.5705961515625 0.1254082265625 0.5690057281249999 0 0.581171371875 0 0.6097351734374999
1 0.5093975578125 0.3856481 0.335150584375 0.4209480734375 0.32943789843750004 0.45182287499999996 0.3335275734375 0.45144217500000006 0.5083578296875 0.4159665640625 0.509711746875 0.3916261453125 0.5093975578125 0.3856481
1 0.6782367859375 0.37556815781249997 0.6780607328125 0.372218396875 0.6734345421875 0.356692234375 0.5295371828125 0.33844994375000004 0.517853940625 0.35316229374999997 0.66615453125 0.3766928765625 0.6782367859375 0.37556815781249997