0 0.14972126562500002 0.5268644328125001 0.0795138671875 0.5691358 0.2997663546875 0.6540826562500001 0.3768728578125 0.59726673125 0.14972126562500002 0.5268644328125001
0 0.5866580984375 0.68002034375 0.37326386718750004 0.596913578125 0.304628884375 0.655317821875 0.5310858656249999 0.7467172578125 0.5866580984375 0.68002034375
0 0.438002296875 0.8751705328125 0.1823699453125 0.729425503125 0.0872024484375 0.79735746875 0.33727762656250004 0.97645106875 0.438002296875 0.8751705328125
0 0.17472878125 0.729425503125 0.00037078906249999997 0.6293801343750001 0 0.7491874765625 0.0753933328125 0.8047682375 0.17472878125 0.729425503125
0 0.32685782812499997 0.41323269375000005 0.28934655625 0.46016752031249997 0.46578844531249997 0.5071024609375 0.5158034734375 0.47128367187500003 0.32685782812499997 0.41323269375000005
0 0.6818255640625 0.5812101421875 0.7283674125 0.5429211359375 0.5124731140625001 0.47812770000000004 0.4637044859375 0.509572678125 0.6818255640625 0.5812101421875
0 0.6457036406250001 0.28230908593750004 0.633680534375 0.291358021875 0.7665732953125 0.3230683109375 0.7936647703124999 0.30083600625 0.6457036406250001 0.28230908593750004
0 0.46648311875 0.3687680859375 0.424109253125 0.3798842375 0.574849015625 0.43670010625 0.6227800859375 0.41076241874999997 0.46648311875 0.3687680859375
1 0.763794725 0.7393064890625001 0.7054438578125 0.8121790046875 0.9985874171875 0.9369270109375 0.9992821546874999 0.8356464750000001 0.763794725 0.7393064890625001
1 0.8659722015625 0.5876543187500001 0.8263135125 0.6442016703125 0.9985874171875 0.7022526484375 0.9985874171875 0.6293801343750001 0.8659722015625 0.5876543187500001
1 0.6227800859375 0.41076241874999997 0.58179550625 0.43793521562500004 0.7936647703124999 0.4935159765625 0.8290920828124999 0.4576973015625 0.6227800859375 0.41076241874999997
1 0.7130849578125 0.342830396875 0.6797416046875 0.376178853125 0.8714658843749999 0.414467803125 0.8950841781250001 0.38853011406250004 0.7130849578125 0.342830396875
1 0.947183165625 0.4972213609375 0.9159237734375001 0.5379805859375 0.99789280625 0.557742671875 0.999976765625 0.50586729375 0.947183165625 0.4972213609375
1 0.5616505843749999 0.3181278171875 0.5401163140625 0.3391250125 0.67904699375 0.37494368749999996 0.7061384687500001 0.3490059984375 0.5616505843749999 0.3181278171875
1 0.8026952187499999 0.3094819390625 0.7811610124999999 0.3255385859375 0.9416258984375 0.3564167671875 0.9617708828125 0.3280088609375 0.8026952187499999 0.3094819390625