0 0.1733394328125 0.5243942140625 0.09826386718749999 0.5672839484375001 0.319911275 0.655317821875 0.389376615625 0.59726673125 0.1733394328125 0.5243942140625
0 0.6088869796874999 0.6787851796875 0.3857638671875 0.6024691328125 0.32060595 0.65902320625 0.5505361125 0.7553631921874999 0.6088869796874999 0.6787851796875
0 0.3414455453125 0.416938078125 0.308680534375 0.45061728125 0.49079595937500003 0.51080784375 0.533169825 0.47128367187500003 0.3414455453125 0.416938078125
0 0.194179028125 0.72572011875 0.015653179687499998 0.62814496875 0 0.63765431875 0.0031494234375 0.72572011875 0.11012600312500001 0.806003403125 0.194179028125 0.72572011875
0 0.3657583859375 0.972745684375 0.45814728125000004 0.87146515 0.20451386718750003 0.722839503125 0.1469426328125 0.772654946875 0.1663929421875 0.8430572421875 0.3657583859375 0.972745684375
0 0.5387270296875 0.478694440625 0.481765446875 0.5120428968749999 0.70197055 0.584915525 0.7485122703125 0.54168596875 0.5387270296875 0.478694440625
0 0.6755736859375 0.28724963593749997 0.664930534375 0.2950617265625 0.78949685 0.33171424374999997 0.8082524859375001 0.30454139062499996 0.6755736859375 0.28724963593749997
0 0.6401463734374999 0.407057034375 0.47273499843750005 0.3650627015625 0.44097220156250005 0.378395059375 0.433139765625 0.376178853125 0.6123602874999999 0.43793521562500004 0.6401463734374999 0.407057034375
1 0.7315972015625001 0.346913578125 0.6998865890625 0.378649071875 0.8999467078125001 0.414467803125 0.9193969546874999 0.38482473125 0.7315972015625001 0.346913578125
1 0.8920138671875 0.5932098734375 0.8527102484375 0.6404962859375 0.9992821546874999 0.68002034375 0.9992821546874999 0.6256747500000001 0.8920138671875 0.5932098734375
1 0.783680534375 0.7395061703125 0.725588715625 0.8146493359375 0.9992821546874999 0.9356918437499999 0.999976765625 0.8232951578125001 0.783680534375 0.7395061703125
1 0.982610478125 0.33171424374999997 0.8118055343749999 0.3061728375 0.83048143125 0.33541962812500004 0.9596869234375 0.3502411640625 0.982610478125 0.33171424374999997
1 0.6409722015625 0.4080246890625 0.6206961265625 0.4292893390625 0.814504365625 0.4935159765625 0.8506262890625 0.4552270265625 0.6409722015625 0.4080246890625