0 0.4378472015625 0.6820987625 0.43105580625 0.7775954953124999 0.84784771875 0.7775954953124999 0.8117257953125 0.6726095765625 0.4378472015625 0.6820987625
0 0.0690972015625 0.6691358000000001 0.0135692203125 0.772654946875 0.424109253125 0.7837710984374999 0.4386969703125 0.6775501265625 0.0690972015625 0.6691358000000001
1 0.4670138671875 0.47839505937500004 0.44911676875 0.5490967375 0.771435825 0.55650750625 0.7540695375 0.4861052078125 0.4670138671875 0.47839505937500004
1 0.0913703671875 0.4218785703125 0.1263888671875 0.359876540625 0 0.3613573171875 0.0031494234375 0.4008813765625 0.0913703671875 0.4218785703125
1 0.2472222015625 0.3709876515625 0.21918654218750003 0.4181731875 0.4741242828125 0.43175961406249996 0.481765446875 0.381119346875 0.2472222015625 0.3709876515625
0 0.48801732500000006 0.378649071875 0.4789868765625 0.42558395468750004 0.7408711703125 0.42805422968749995 0.72419949375 0.3798842375 0.48801732500000006 0.378649071875
0 0.5076388671875 0.2802469109375 0.49287991875000003 0.33171424374999997 0.712390346875 0.3243034765625 0.7068330796875 0.29095501874999996 0.5076388671875 0.2802469109375
0 0.2865679234375 0.294660403125 0.27198020624999997 0.32677369375 0.48871200000000004 0.32924396875 0.50191043125 0.2773685921875 0.2865679234375 0.294660403125
0 0.380555534375 0.178395059375 0.36784234531250004 0.204496021875 0.51927671875 0.204496021875 0.5296965171875 0.1773232234375 0.380555534375 0.178395059375
1 0.5366430703125 0.17485294843750002 0.5220553531250001 0.20696629687499998 0.6901614031250001 0.19337986875 0.6804363421875 0.168677346875 0.5366430703125 0.17485294843750002
1 0.0795612515625 0.21067167968749997 0.0732638671875 0.22283950312499998 0.06358425 0.2526660140625 0.2233544609375 0.25143090468749996 0.2462780171875 0.2205527234375 0.0795612515625 0.21067167968749997