0 0.8374279203125001 0.87146515 0.461620525 0.8492328453125 0.456063321875 0.9628646984375001 0.8763285406250001 0.980156453125 0.8374279203125001 0.87146515
0 0.4609258515625 0.8430572421875 0.0951388671875 0.82469135625 0.033714142187500004 0.93075129375 0.44078092968749993 0.9653349171875 0.4609258515625 0.8430572421875
1 0.19626298749999999 0.6466718890625 0.16284720156250002 0.7061728375 0.47273499843750005 0.72077956875 0.4810708359375 0.65902320625 0.19626298749999999 0.6466718890625
1 0.7783824421875 0.6775501265625 0.48784720156250005 0.65061728125 0.4789868765625 0.71583901875 0.7908862 0.7306605562499999 0.7783824421875 0.6775501265625
0 0.7540695375 0.557742671875 0.5034722015625 0.5450617265625 0.5005210828125 0.6022072796875 0.761710765625 0.61579365 0.7540695375 0.557742671875
1 0.5039943906250001 0.5540372875 0.264930534375 0.5395061703125 0.249751325 0.58738574375 0.495658553125 0.6046774984375001 0.5039943906250001 0.5540372875
0 0.525528596875 0.4576973015625 0.5170138671875 0.49506172656249997 0.7373978609375 0.5083375125 0.7297566343749999 0.47498905625 0.525528596875 0.4576973015625
0 0.312964721875 0.4576973015625 0.299305534375 0.4895061703125 0.5123302296875 0.5021619109375 0.526917946875 0.45646213593749996 0.312964721875 0.4576973015625
1 0.3657583859375 0.3910003890625 0.3503472015625 0.41543209687499993 0.533169825 0.4218785703125 0.5442842328124999 0.39841115781249997 0.3657583859375 0.3910003890625
1 0.7130849578125 0.3971759921875 0.5440972015625001 0.3950617265625 0.53247515 0.4206434609375 0.722115534375 0.4231136796875 0.7130849578125 0.3971759921875
1 0.556787990625 0.3539465484375 0.546180534375 0.3709876515625 0.7103063875 0.37494368749999996 0.7061384687500001 0.3601221515625 0.556787990625 0.3539465484375
0 0.4081322515625 0.34653578125 0.38888886718750004 0.359876540625 0.5449789078125 0.36753291875 0.556787990625 0.3490059984375 0.4081322515625 0.34653578125
1 0.27406416562499997 0.38235445625 0.093055534375 0.37469135625 0.0913703671875 0.3934706078125 0.2532245703125 0.41076241874999997 0.27406416562499997 0.38235445625
0 0.0976222453125 0.37000319375 0.00176010625 0.36753291875 0.007317342187500001 0.38853011406250004 0.08095056875 0.3910003890625 0.0976222453125 0.37000319375
1 0.21849193125 0.440405490625 0.025347201562499998 0.42654320781250005 0.0010654624999999998 0.46757828906250004 0.1976523359375 0.48116477187499995 0.21849193125 0.440405490625
1 0.1490265921875 0.5243942140625 0.0045138671875 0.5191358 0 0.55650750625 0.1205458328125 0.5713290421874999 0.1490265921875 0.5243942140625
1 0 0.622839503125 0.0031494234375 0.6960770468749999 0.0462178984375 0.6343205703125 0 0.622839503125