0 0.1226297921875 0.6293801343750001 0.0719200875 0.69484188125 0.32824711406249996 0.7813008796875 0.39146057500000003 0.7133688015625 0.1226297921875 0.6293801343750001
0 0.12193511718750001 0.6133234328125 0.00037078906249999997 0.5898559624999999 0 0.683725728125 0.074698690625 0.69484188125 0.12193511718750001 0.6133234328125
0 0.1066527265625 0.43917038125 0.0795138671875 0.49691357812500003 0.2615604078125 0.5490967375 0.3122701125 0.50586729375 0.1066527265625 0.43917038125
0 0.920786303125 0.8949326187500001 0.55539870625 0.765244178125 0.5046890015625001 0.8492328453125 0.8930002171875 1 0.920786303125 0.8949326187500001
0 0.9944194984375001 0.9986833734375 1 0.9295162421875001 0.9323589390624999 0.908656425 0.916618384375 1 0.9944194984375001 0.9986833734375
1 0.6596259390625 0.617028815625 0.6149472015625 0.66358024375 0.9430444390625 0.77636033125 0.9548534578125001 0.6973120984375 0.6596259390625 0.617028815625
1 0.42483311874999996 0.44658115 0.395155534375 0.4709876515625 0.58877125 0.5268644328125001 0.621419928125 0.4972213609375 0.42483311874999996 0.44658115
1 0.5088861125 0.3922354984375 0.485780534375 0.41728394843750005 0.6617098984374999 0.4576973015625 0.6832441046875 0.4181731875 0.5088861125 0.3922354984375
0 0.44567271406250003 0.3181278171875 0.4243222015625 0.3395061703125 0.5769621671875 0.37000319375 0.591549884375 0.34159523125 0.44567271406250003 0.3181278171875
1 0.8312052328125 0.3922354984375 0.8159888671875001 0.409876540625 0.9986166078125001 0.44905136875 0.9986166078125001 0.4157029125 0.8312052328125 0.3922354984375
0 0.7756329359375 0.44658115 0.7524472015625 0.48765431875000004 0.9965326484375 0.5355103671875 0.999311346875 0.483634990625 0.7756329359375 0.44658115
1 0.7304805640625001 0.5268644328125001 0.7034888671874999 0.5672839484375001 0.976387790625 0.6306151859375 0.9861128515625 0.588620909375 0.7304805640625001 0.5268644328125001
1 0.7339537453125 0.36753291875 0.5993222015625 0.3432098734375 0.588076575 0.3638275359375 0.7131141484375 0.404586759375 0.7339537453125 0.36753291875