0 0.8263135125 0.8467626265625 0.44286488906250004 0.8517031765624999 0.4386969703125 0.94063239375 0.8610460859375 0.9616295328125 0.8263135125 0.8467626265625
0 0.44494884843750004 0.83811669375 0.0753472015625 0.8283950593749999 0.0177371390625 0.9295162421875001 0.42619321250000003 0.9505133812500001 0.44494884843750004 0.83811669375
1 0.4539793625 0.7183093515625 0.46231520000000004 0.6503772718749999 0.1795138671875 0.6524691328125 0.1733394328125 0.6503772718749999 0.14763730625 0.7121336359375 0.4539793625 0.7183093515625
0 0.7332299421874999 0.5429211359375 0.49287991875000003 0.5379805859375 0.482460121875 0.5812101421875 0.7422603921875 0.586150578125 0.7332299421874999 0.5429211359375
0 0.5067729609375 0.44411087499999996 0.5032997171875 0.49475114218750005 0.7214207953125 0.4935159765625 0.7110009984375 0.45152164375000003 0.5067729609375 0.44411087499999996
0 0.296293046875 0.45152164375000003 0.2817053296875 0.4873403734375 0.4970478375 0.4774593875 0.5116355546875 0.44287576562500003 0.296293046875 0.45152164375000003
0 0.38520869687500003 0.3391250125 0.3690972015625 0.36172839218749997 0.53247515 0.3662978109375 0.5276125578124999 0.3391250125 0.38520869687500003 0.3391250125
1 0.6957186703125 0.337889846875 0.5378472015625 0.33765431874999996 0.5206660671875001 0.3687680859375 0.6978026296875 0.3625924265625 0.6957186703125 0.337889846875
1 0.4852387546875 0.5367455328124999 0.246180534375 0.5358024671875 0.2316903 0.5725642078125001 0.4810708359375 0.58738574375 0.4852387546875 0.5367455328124999
1 0.17264482187500002 0.46387290468750003 0.19626298749999999 0.43670010625 0.0060272625 0.43670010625 0.007317342187500001 0.4688134546875 0.17264482187500002 0.46387290468750003
1 0.25252989531250003 0.3798842375 0.0815972015625 0.3802469109375 0.061500290624999995 0.41076241874999997 0.2316903 0.4033516515625 0.25252989531250003 0.3798842375
1 0.13166024062499998 0.5194536640625 0.0045138671875 0.5191358 0.00037078906249999997 0.5602128890625 0.09623292812499999 0.5700939890625001 0.13166024062499998 0.5194536640625
1 0.7540695375 0.6367909015625 0.4670138671875 0.6395061703125 0.45745260625000006 0.7047228671875 0.773519784375 0.7170741859375 0.7540695375 0.6367909015625