1 0.8109990328125001 0.4443793171875 0.8107828406250001 0.44358015625 0.6083968953125 0.3985815046875 0.610751709375 0.39473519375 0.5816752468749999 0.43348921249999994 0.786969471875 0.4771749734375 0.787516428125 0.4770571375 0.8109990328125001 0.4443793171875
1 0.8642755984375 0.3640290546875 0.6823681328125 0.32089001562499997 0.6607884640624999 0.3485091078125 0.83383576875 0.40075333593750007 0.83754771875 0.399953634375 0.8645982328124999 0.3652216765625 0.8642755984375 0.3640290546875
1 0.90591151875 0.2701476734375 0.7257905578125 0.2935311703125 0.7198625671875 0.31116042187500004 0.8793110093750001 0.3003662265625 0.8879050015625 0.2985147375 0.9061151296875 0.2709003203125 0.90591151875 0.2701476734375
1 0.738141265625 0.2930542140625 0.5924996984375 0.2736221046875 0.5731245421875 0.2932536390625 0.7157400968750001 0.31134075 0.7196579015625 0.31049669999999996 0.7383819609375 0.293943946875 0.738141265625 0.2930542140625
1 0.6742149390625001 0.35173668281250003 0.5233974031249999 0.32618125937500003 0.5016582406250001 0.3558636046875 0.647422978125 0.38591303906249996 0.6512839406250001 0.3850812359375 0.6742289390625 0.3517884390625 0.6742149390625001 0.35173668281250003
0 0.5949013515625 0.39730543906250004 0.4146826578125 0.420067221875 0.3990021890625 0.4406777453125 0.5769498625 0.44639072031250004 0.582027884375 0.44529671249999997 0.5949013515625 0.39730543906250004
0 0.5082364187499999 0.48156206093750004 0.3077592953125 0.47813402656250004 0.2969115671875 0.5413078078125 0.46921037187500003 0.5343091890625 0.4751031890625 0.5330396421875 0.50847104375 0.48242935468750003 0.5082364187499999 0.48156206093750004
0 0.7248633156250001 0.5035608171875 0.5087329390625001 0.5225007234375 0.4741681765625 0.5627411359375001 0.6979414703125 0.554591534375 0.7059177125 0.552873134375 0.7253034781250001 0.505187890625 0.7248633156250001 0.5035608171875
0 0.6370811796875 0.6746512015625 0.34847883125 0.656200578125 0.31080784375000003 0.7207811093750001 0.5998391359374999 0.7552888703125 0.5999847203125 0.7552575046875 0.6376554265625 0.6767739140625 0.6370811796875 0.6746512015625
0 0.35260215625 0.614770528125 0.1607062171875 0.6289961374999999 0.114805778125 0.7069147171875 0.31192608593750004 0.6911379656250001 0.32510009375000004 0.688299759375 0.35260215625 0.614770528125
1 1 0.7377539984375 0.800857509375 0.7268898765625 0.7888649156249999 0.820932009375 1 0.8291619265625 1 0.7377539984375
1 1 0.5518187 0.8814041203125 0.5461386015625 0.8656286124999999 0.6030206109375 1 0.6150068875 1 0.5518187
1 1 0.43914082031249996 0.9406814984375 0.43611216875 0.91328503125 0.4783669828125 1 0.4970600390625 1 0.43914082031249996
0 0.4792259125 1 0.53926835625 0.9266578765625001 0.5390720578125 0.9259322531249999 0.27212898124999996 0.7935371328125 0.2720766734375 0.793548403125 0.17848800468749998 0.8791714296875 0.178660590625 0.8798094031250001 0.3878341078125 1 0.4792259125 1
0 0.2405096734375 0.8193481046875 0.24046403125000002 0.819179384375 0.09393908906250001 0.732368715625 0.10081625624999999 0.845604984375 0.10876391875 0.8749836578125001 0.153402775 0.9016170296875 0.1573403625 0.9007687171875001 0.2405096734375 0.8193481046875