0 0.49152139687499996 0.9684381468750001 0.8481365796875 0.9591653875 0.9081155624999999 0.94788341875 0.9068079421874999 0.940721315625 0.8737691984374999 0.8504339328125001 0.49429146093750004 0.8656251390625 0.49152139687499996 0.9684381468750001
0 0.41784015781250006 1 0.492146940625 0.9832073156250001 0.4807046203125 0.8909572359375 0.4774630125 0.873202284375 0.1173661359375 0.960022540625 0.107187384375 1 0.41784015781250006 1
0 0.740617675 0.605845003125 0.7400747703125 0.6028714 0.7284474734375 0.5614621718749999 0.4817692046875 0.5682760109375 0.4758010515625 0.6140496015625 0.72822575 0.6081759078125 0.740617675 0.605845003125
0 0.69691728125 0.505975503125 0.695233453125 0.49675283593749997 0.68830816875 0.4748869359375 0.48301983125000003 0.476617584375 0.47353925781250006 0.5247348109375001 0.69392838125 0.5065377125 0.69691728125 0.505975503125
0 0.4778949734375 0.48326262499999995 0.274053275 0.5377933921875 0.2651129734375 0.57766003125 0.274841896875 0.575830034375 0.47873321718749995 0.5287579953125 0.4792022203125 0.4904226890625 0.4778949734375 0.48326262499999995
0 0.4910330703125 0.39835834999999997 0.3442832984375 0.3963569578125 0.3263396765625 0.42005257343749997 0.48078628125 0.4194653640625 0.4844185203125 0.4187821453125 0.4910330703125 0.39835834999999997
0 0 0.532236146875 0.0484633109375 0.5149556093750001 0.0519335875 0.49530127031250004 0.051255114062499996 0.491585134375 0 0.5060331375 0 0.532236146875
1 0.485381996875 0.733500221875 0.198404225 0.7152501640625 0.16108730625 0.7784640125 0.47086879843749996 0.7996440359375 0.4748415421875 0.7988967671875 0.48576060156249995 0.735573921875 0.485381996875 0.733500221875
1 0.47838555937500005 0.581846590625 0.2450069546875 0.6250554015625001 0.22753351406250003 0.676922653125 0.3036292015625 0.662609153125 0.48098496874999996 0.628119140625 0.479604334375 0.5885220734375001 0.47838555937500005 0.581846590625
1 0.49044713125 0.427185478125 0.4847892609375 0.4282497171875 0.4853218453125 0.45822220781249995 0.6455980609374999 0.43138236562500004 0.66511965625 0.427710378125 0.6631646375 0.417002340625 0.654894984375 0.398682484375 0.49044713125 0.427185478125
1 0.792029578125 0.73923410625 0.7909313484375 0.733218875 0.7752533781250001 0.6745184234375 0.4851946921875 0.6642947734375 0.47167526875 0.7312042984375 0.7838056453125 0.7407810171875 0.792029578125 0.73923410625
1 0 0.5910058953124999 0.02441175625 0.5987601031249999 0.1220552 0.583904846875 0.16489273437500002 0.5758471625 0.1786403875 0.54417539375 0.178261528125 0.542100303125 0 0.56543211875 0 0.5910058953124999
1 0.2199691546875 0.4828506703125 0.062330403125 0.4785674125 0.0465018015625 0.5071830187499999 0.20353538593749998 0.5065860296875 0.20449228593750002 0.5064060390625 0.22030495625 0.48468992968749997 0.2199691546875 0.4828506703125
1 0 0.6790084671875001 0.0978549796875 0.6854195062499999 0.10308282656250001 0.6844361546875 0.1282084453125 0.6524711671875 0 0.6410047718749999 0 0.6790084671875001
1 0.48787337343750004 0.433301521875 0.487682696875 0.432257153125 0.3117904046875 0.45342198749999996 0.3045714578125 0.48418586250000006 0.304592740625 0.4843024296875 0.47098738124999995 0.46422641093749994 0.48497266406249995 0.4615957953125 0.48787337343750004 0.433301521875
1 0.6492806890625 0.35839293437499997 0.6331104375 0.343790665625 0.497531315625 0.3988429015625 0.4952336203125 0.4151582875 0.5053886234375 0.41324814375 0.6495405296875 0.3598161390625 0.6492806890625 0.35839293437499997