0 0.8214508546875001 0.8850516328125 0.44409720156250004 0.8746913562499999 0.44147560468749997 0.97398085 0.8575729046875 0.9888023859375 0.8214508546875001 0.8850516328125
0 0.424109253125 0.9949779890625001 0.44217021562500003 0.8702300968750001 0.0753472015625 0.8524691328125 0.070530771875 0.8529382296874999 0.021905059375 0.9616295328125 0.424109253125 0.9949779890625001
1 0.7686572546875 0.688666278125 0.47326386718749996 0.672839503125 0.4630098109375 0.7467172578125 0.7825503609375 0.75659824375 0.7686572546875 0.688666278125
1 0.4671777296875 0.68002034375 0.1823699453125 0.6664339734375 0.1483319171875 0.7356011062500001 0.4609258515625 0.7454820921875001 0.4671777296875 0.68002034375
0 0.739481821875 0.5762695921875001 0.493055534375 0.5691358 0.48593336562499995 0.6219693656249999 0.7499016187499999 0.6343205703125 0.739481821875 0.5762695921875001
1 0.2511406109375 0.5614480562499999 0.2315972015625 0.5987654296875 0.47551356875 0.6343205703125 0.48732271406249994 0.5725642078125001 0.2511406109375 0.5614480562499999
0 0.296293046875 0.47992960625 0.280555534375 0.5117283921875 0.4970478375 0.5169834468750001 0.51094088125 0.476224221875 0.296293046875 0.47992960625
0 0.7151689171875 0.48857553906250006 0.508680534375 0.47839505937500004 0.5067729609375 0.514513228125 0.7228101453125 0.521923996875 0.7151689171875 0.48857553906250006
1 0.6978026296875 0.4181731875 0.5222222015625 0.409876540625 0.526917946875 0.44905136875 0.7103063875 0.44905136875 0.6978026296875 0.4181731875
1 0.348392034375 0.41323269375000005 0.339930534375 0.4395061703125 0.5185821078124999 0.43793521562500004 0.530391190625 0.40952730937500004 0.348392034375 0.41323269375000005
0 0.39146057500000003 0.35765193281249996 0.3795138671875 0.391358021875 0.5366430703125 0.3922354984375 0.5415056625 0.3687680859375 0.39146057500000003 0.35765193281249996
1 0.694329321875 0.37494368749999996 0.5440972015625001 0.37469135625 0.5408109890625 0.39841115781249997 0.7005812 0.3934706078125 0.694329321875 0.37494368749999996
0 0.062889575 0.42805422968749995 0.0784722015625 0.3895061703125 0.0045387078125 0.38482473125 0 0.411997528125 0.062889575 0.42805422968749995
1 0.20251486562499998 0.46016752031249997 0.0201388671875 0.45617283750000004 0.0045387078125 0.4984565265625 0.17611806562500001 0.50092674375 0.20251486562499998 0.46016752031249997