0 0.44494884843750004 0.8702300968750001 0.438002296875 0.972745684375 0.8589621265625 0.98139161875 0.8242295531250001 0.872700315625 0.44494884843750004 0.8702300968750001
0 0.4275824984375 0.9752159031250001 0.4435595640625 0.8652895468749999 0.0732357046875 0.85177653125 0.01495850625 0.9542187640625001 0.4275824984375 0.9752159031250001
0 0.49097220156250004 0.565432096875 0.4831547953125 0.6108532140625 0.7485122703125 0.617028815625 0.7373978609375 0.5700939890625001 0.49097220156250004 0.565432096875
0 0.5116355546875 0.4663431796875 0.4977425125 0.5132780625 0.7228101453125 0.5169834468750001 0.7158636546875 0.48487015624999996 0.5116355546875 0.4663431796875
0 0.29907167968750004 0.473754003125 0.28101071875 0.51080784375 0.49982647187499996 0.5132780625 0.51094088125 0.4688134546875 0.29907167968750004 0.473754003125
0 0.389376615625 0.3650627015625 0.37131559062499997 0.38853011406250004 0.52900190625 0.38976522343750003 0.5359483953125 0.3687680859375 0.389376615625 0.3650627015625
0 0.078866609375 0.4206434609375 0.090675725 0.39964626718749996 0 0.3934706078125 0.00176010625 0.4206434609375 0.078866609375 0.4206434609375
1 0.180555534375 0.6672839484375 0.1462479578125 0.731895721875 0.46023124062500004 0.74054165625 0.468567078125 0.6738447421875 0.180555534375 0.6672839484375
1 0.2545138671875 0.5561728375 0.22613309531249998 0.6034424453125 0.48384940624999995 0.6108532140625 0.4921852453125 0.5651534390624999 0.2545138671875 0.5561728375
1 0.5248339875 0.41076241874999997 0.51997139375 0.440405490625 0.7047491203125 0.44411087499999996 0.6971080187500001 0.41323269375000005 0.5248339875 0.41076241874999997
1 0.4741242828125 0.6676690265625 0.46023124062500004 0.7343659390624999 0.7811610124999999 0.7479524234375 0.763794725 0.6812555109375 0.4741242828125 0.6676690265625
1 0.20390421406249998 0.4663431796875 0.0052333828125 0.4552270265625 0 0.47128367187500003 0.0413553375 0.4935159765625 0.1823699453125 0.4984565265625 0.20390421406249998 0.4663431796875
1 0.09623292812499999 0.3947057734375 0.0802559265625 0.4231136796875 0.23794217812500001 0.4243488453125 0.2553085296875 0.4008813765625 0.09623292812499999 0.3947057734375
1 0.1330495890625 0.552802121875 0 0.54168596875 0.0038440656250000003 0.5799749765625 0.10734740000000001 0.586150578125 0.1330495890625 0.552802121875
1 0.34908670937499997 0.40829214374999995 0.3379722375 0.43793521562500004 0.51927671875 0.440405490625 0.526223271875 0.41076241874999997 0.34908670937499997 0.40829214374999995
1 0.5422002734375 0.37000319375 0.533169825 0.38605983906249997 0.698497240625 0.38976522343750003 0.68807744375 0.3687680859375 0.5422002734375 0.37000319375