0 0.5481644718750001 0.7089586015625 0.2729607375 0.6535432796875 0.23789255312500002 0.727449171875 0.49278514375000004 0.7879899453125 0.4940368125 0.7878871968750001 0.54829934375 0.7098845500000001 0.5481644718750001 0.7089586015625
0 0.360424971875 1 0.42071360156250004 0.9098613140625 0.42045298437499995 0.9080720671875 0.1268466296875 0.8128497734375 0.0962758609375 0.932349803125 0.3087958296875 1 0.360424971875 1
0 0.2418128796875 0.7061541484375 0.26762143125 0.622713971875 0.26750608124999997 0.6219220515624999 0.0578787484375 0.612162540625 0.045885625 0.62738514375 0.0528711765625 0.675343765625 0.056778724999999995 0.685574828125 0.2359946703125 0.706631759375 0.2418128796875 0.7061541484375
0 0.43538508125000003 0.5406494390625001 0.25600365625 0.455723515625 0.21046108437500002 0.49507625937500005 0.38230366718750003 0.5748478453125 0.3855922890625 0.5745778859375 0.43538508125000003 0.5406494390625001
0 0.6521215015624999 0.5404239765625001 0.43462742343749994 0.5392637875 0.40134932812499996 0.577673784375 0.618355175 0.5980217078125001 0.625541903125 0.59743175625 0.652408796875 0.54239638125 0.6521215015624999 0.5404239765625001
0 0.5379461265625001 0.4236247234375 0.3765402203125 0.4330712140625 0.3359129375 0.47242443749999996 0.47396195781249995 0.4680377390625 0.510367140625 0.46504926874999997 0.5381385625 0.42494587656249994 0.5379461265625001 0.4236247234375
1 0.5419440796874999 0.4551817984375 0.5126870328125 0.4978842046875 0.71974044375 0.5217513484375 0.7428621703125 0.47481648749999994 0.7426288640625 0.473214740625 0.5419440796874999 0.4551817984375
1 0.61822463125 0.37226259375000004 0.46293433281249996 0.37355340937500003 0.440786159375 0.40200330781250004 0.577030959375 0.40284206093749997 0.601270240625 0.4008522796875 0.6185045578125 0.374184409375 0.61822463125 0.37226259375000004
1 0.7990276890625 0.4085356046875 0.6246659265625001 0.385704184375 0.6007128125000001 0.41258591562499997 0.7762613484374999 0.4447982125 0.77939344375 0.4445411015625 0.7992602 0.41013188281249996 0.7990276890625 0.4085356046875
0 0.69397299375 0.32207634218750003 0.5388584437499999 0.336679046875 0.531591196875 0.35310904375 0.6596639734374999 0.3503557296875 0.681317896875 0.348578178125 0.69407745625 0.322793521875 0.69397299375 0.32207634218750003
1 0.8445557234375001 0.33377836250000004 0.6979676640625 0.35432536875 0.6843386671875 0.3830014921875 0.7064770078125 0.38118417656250003 0.8384417624999999 0.3640279921875 0.8448394421875 0.33572619531250003 0.8445557234375001 0.33377836250000004
1 1 0.5393614265625 0.8640449718750001 0.5110746484375001 0.8406479171875001 0.5484612296875 1 0.58696308125 1 0.5393614265625
1 1 0.647760875 0.7987066171875 0.6173893406250001 0.774006065625 0.6706327515625 1 0.7157072203125 1 0.647760875
0 1 0.8646713625 0.73528515625 0.7363186203125001 0.6703086203125 0.8140081640625001 0.9693541109374999 0.9695042734375001 1 0.9669885796875001 1 0.8646713625
0 0.0790429390625 0.7703850531249999 0.0744246265625 0.824124165625 0.08051829687499999 0.8659596640625 0.08135518593749999 0.8658909640625 0.1302642984375 0.8094014140624999 0.12991620625 0.8070116265625 0.0790429390625 0.7703850531249999
0 1 0.44283036249999996 0.8973089328125001 0.4476556234375 0.8906658640625 0.47351277343750003 1 0.47537566406250004 1 0.44283036249999996
1 1 0.3719859859375 0.9455548765625 0.376078865625 0.9381156234375 0.40434747499999996 1 0.4037093515625 1 0.3719859859375