0 0.523262515625 0.8244542578124999 0.16837515625 0.8368576734375001 0.126360146875 0.9463717687500001 0.43349575625 0.9354651078125 0.52594159375 0.9300499906249999 0.5240503109375 0.8324390484374999 0.523262515625 0.8244542578124999
0 0.9637165031249999 0.9579258859375 0.9633666125 0.9543795171875 0.9150592515625 0.8401169749999999 0.5277437296875 0.8498014796875 0.54365823125 0.9630768828124999 0.9510430265625001 0.9586682468750001 0.9637165031249999 0.9579258859375
1 0.5384992328125 0.661613146875 0.252102390625 0.6322812843750001 0.2224700984375 0.691715846875 0.5170613375 0.7290866968749999 0.5308553875 0.72827869375 0.538919534375 0.665873153125 0.5384992328125 0.661613146875
1 0.8505947234375 0.7473277578124999 0.8490379953125 0.7315493765625 0.8395717078124999 0.6785611421875 0.5497223625000001 0.621294140625 0.529662225 0.6900025890625 0.8437961250000001 0.74772599375 0.8505947234375 0.7473277578124999
0 0.8090078593750001 0.5955029765625001 0.8084002124999999 0.589344121875 0.7968163484375 0.535586021875 0.550078209375 0.5314681234374999 0.545884965625 0.5784909984375 0.7846672828125001 0.5969287546875 0.8090078593750001 0.5955029765625001
1 0.542725825 0.514087534375 0.310663496875 0.558805475 0.29742492187499997 0.6113027093750001 0.3022036140625 0.611022790625 0.547323465625 0.5613226671875 0.5466607546875 0.5539704265625 0.542725825 0.514087534375
0 0.7713802078125 0.46794351250000005 0.56377925 0.436140034375 0.549228178125 0.4805120140625 0.7702612281250001 0.515919946875 0.77374155 0.5157160828125 0.77173205 0.471509634375 0.7713802078125 0.46794351250000005
0 0.5637508343750001 0.47336916718750005 0.349560271875 0.43937969062500004 0.33417508125 0.44935398437499996 0.53676619375 0.51385628125 0.5431263859375 0.5134837265625001 0.5641754796875 0.47767321249999994 0.5637508343750001 0.47336916718750005
1 0.5637546906249999 0.3782259265625 0.38844670625 0.3860348859375 0.3801146015625 0.41240220625 0.48133742343749997 0.41006499218750003 0.5628207375 0.40529201718749996 0.5647183625000001 0.3879933203125 0.5637546906249999 0.3782259265625
1 0.7529644203125 0.42406184218750004 0.752806440625 0.4224606265625 0.742684165625 0.3899766796875 0.5733900140625 0.3712003359375 0.561762353125 0.3999928484375 0.7456114765625 0.4244925484375 0.7529644203125 0.42406184218750004
1 0.7364704343749999 0.3516801203125 0.5792054328125 0.3138546734375 0.5688609296875 0.34240083125 0.72817390625 0.37356901875 0.7396483125 0.3728968921875 0.7364704343749999 0.3516801203125
0 0.5682437109375 0.3604324359375 0.56759744375 0.3271520578125 0.42067725468750006 0.34313951249999997 0.42141283749999997 0.3710747234375 0.4765026375 0.36784777812499997 0.5682437109375 0.3604324359375
0 0 0.4130744328125 0.0211413984375 0.41183605156249997 0.139536025 0.4028556765625 0.15028905625 0.375524115625 0.1500621109375 0.37322388125 0 0.3969874484375 0 0.4130744328125
1 0.064654196875 0.45083846406249994 0.039393609375 0.4957505953125 0.23264788749999998 0.4699897 0.252269553125 0.44147112968749996 0.2521323421875 0.4400804046875 0.064654196875 0.45083846406249994
1 0 0.5886781484375 0.1705758140625 0.5739267171875 0.197578771875 0.5264601890625 0.0089409625 0.5418542890625 0 0.5760454046875 0 0.5886781484375
1 0 0.689043515625 0.0491920890625 0.7092699687499999 0.0504817078125 0.709194428125 0.11402868906250001 0.658415971875 0.113983346875 0.657956396875 0 0.6174670609375 0 0.689043515625
1 0 0.4766941734375 0.0289304828125 0.4885101859375 0.031783273437499995 0.4883430796875 0.052597079687500006 0.448226178125 0.052219696875 0.44440117968750004 0 0.43706777968750005 0 0.4766941734375