0 0.8351632171875 1 0.8250832390625 0.91115985 0.4466538546875 0.8405305437499999 0.4265852546875 0.927053003125 0.7162830203125 1 0.8351632171875 1
0 0.4349859078125 0.8762327859375001 0.06610744843750001 0.8579304734375001 0.0078617734375 0.9578528015625001 0.382244396875 0.9858376375000001 0.41704184375000003 0.9854322390625001 0.4351260078125 0.8810536203125 0.4349859078125 0.8762327859375001
1 0.4469857796875 0.6972873921875 0.4467237609375 0.688271465625 0.165292371875 0.6788844953125001 0.1591632 0.67653901875 0.1320085140625 0.7373005640625 0.404001509375 0.75387951875 0.43874464062499996 0.753474753125 0.4469857796875 0.6972873921875
0 0.7017640453125 0.6298614734375 0.7186617984375 0.6296646109374999 0.7182108546875 0.6141477578125001 0.716225153125 0.5886704625 0.4782744375 0.5488803796874999 0.46262187812500005 0.5896582296874999 0.46263911562500004 0.5902514203125 0.7017640453125 0.6298614734375
0 0.6914458984375 0.499205421875 0.4916939484375 0.451724628125 0.47918308906249996 0.500777875 0.693078215625 0.5422906390625 0.694152178125 0.5422781265625 0.6914458984375 0.499205421875
0 0.48886435625 0.47035493281249996 0.27489505937500003 0.48522195156250003 0.26226943281250004 0.5206949437499999 0.2747585328125 0.52054944375 0.47680662500000004 0.5053438671875 0.48892932499999997 0.4725904515625 0.48886435625 0.47035493281249996
0 0.506270190625 0.3698166140625 0.4956305421875 0.3485641765625 0.359095934375 0.3870841328125 0.35068539374999996 0.41164041406249996 0.3567800546875 0.4115694109375 0.5063884437499999 0.37388570312499997 0.506270190625 0.3698166140625
1 0.670429459375 0.3689399640625 0.5131790734375 0.3622956421875 0.49526375 0.39273561562500003 0.5845209031249999 0.393260453125 0.6711069359375 0.3922517046875 0.670429459375 0.3689399640625
1 0.46531233125 0.574625475 0.228397815625 0.5598897953125 0.2124096546875 0.5958075765624999 0.4466580390625 0.623440090625 0.46141942187499996 0.623268115625 0.46571606875000005 0.588518003125 0.46531233125 0.574625475
1 0 0.48431310781250003 0.14580877187500002 0.51422388125 0.14602788125 0.514221328125 0.173693978125 0.4940907640625 0.17366057968749998 0.4929415171875 0 0.45191109999999995 0 0.48431310781250003
1 0.2277949546875 0.4187012796875 0.0584970328125 0.4092008265625 0.0371567125 0.43854582343750004 0.1648753546875 0.4404198703125 0.20876419375 0.4399085546875 0.22784510156249999 0.42042685 0.2277949546875 0.4187012796875
1 0 0.5870305140625 0.071288034375 0.60902638125 0.07262722968749999 0.6090107796875001 0.11485731562499998 0.5679423578125 0.1148089546875 0.5662782281250001 0 0.543027665625 0 0.5870305140625
1 0.7579796156249999 0.7450588703125 0.757865 0.741114959375 0.738701246875 0.6654637125 0.4514584390625 0.66651069375 0.44264933749999996 0.7317810875 0.7423204046875 0.7452413046874999 0.7579796156249999 0.7450588703125