0 0.973278140625 1 0.9742117390624999 0.9679143046875 0.74476408125 0.8603723390625 0.7149924890625 0.9700105453125 0.77950883125 1 0.973278140625 1
0 0.6969929609375 1 0.7189644640624999 0.9251158125 0.718931509375 0.9194409468750001 0.39091636875 0.7646003125 0.32953659062499996 0.8376728203124999 0.32924968125 0.840116178125 0.634907875 1 0.6969929609375 1
1 0.7566520718749999 0.6874493796875 0.7566284109375 0.683375040625 0.4671546109375 0.6469563468749999 0.44109701718750005 0.7068429578125001 0.44109936562499996 0.7072474328125 0.7367553109375 0.7498032203125 0.7485953390625 0.7503556890625 0.7566520718749999 0.6874493796875
1 0.7552513734375 0.7195891140625 0.75336235 0.7795734359375001 0.958322934375 0.7961500375 0.9791812500000001 0.7971233093750001 0.9810720125 0.732142 0.980760225 0.7307174875 0.7552513734375 0.7195891140625
1 0.7797162281250001 0.6226133875000001 0.77970259375 0.6202658203125 0.5493739453125001 0.5240092234375 0.5183863875 0.56112845625 0.5183906687500001 0.5618653546875 0.76752588125 0.658870078125 0.769523615625 0.6589632937500001 0.7797162281250001 0.6226133875000001
0 0.9817018484375 0.6907818171875 0.98162025 0.6767304453125 0.979102496875 0.6451220125 0.7983557968749999 0.5947835171875 0.783363959375 0.63250388125 0.975166409375 0.690476865625 0.9817018484375 0.6907818171875
0 0.9781390734375 0.533688621875 0.8082779578125001 0.5145530671875 0.8006470296874999 0.5474995218750001 0.9744266484375 0.5745897890625 0.9856410890625 0.5751130671875 0.9857054312500001 0.5729017546875 0.9856609390625 0.5652401734375 0.9781390734375 0.533688621875
0 0.808635953125 0.489711140625 0.5850694703125 0.4790878421875 0.57399054375 0.5115669015625001 0.7849917265624999 0.53130789375 0.7886748765625 0.5314797546875 0.808648490625 0.4918699359375 0.808635953125 0.489711140625
1 0.8349374171875 0.44414218906249997 0.8349297859375 0.44282791093749996 0.635797240625 0.4160531265625 0.6270230734375 0.43144335937499995 0.6270242984375 0.431654490625 0.8092161921875001 0.4729463796875 0.8170399156249999 0.47331144375 0.8349374171875 0.44414218906249997
1 0.9806287515625 0.50599388125 0.98047215625 0.4790282765625 0.8382139796875 0.4401993109375 0.8178940203125 0.46935716562499996 0.817898475 0.47012399374999997 0.9715770484374999 0.50557151875 0.9806287515625 0.50599388125
0 0.8534089703125 0.39575698125000003 0.6690666296875001 0.381158146875 0.6680181125 0.41469394218750005 0.6706006921875 0.4148144484375 0.8482619140625 0.41855464531250003 0.8534429640625 0.4016105546875 0.8534089703125 0.39575698125000003
1 0.9801918421875 0.4307580015625 0.8591285421875 0.39260634687499996 0.8522891625 0.42034318125 0.9678408609375 0.44903647968750005 0.9790224265624999 0.449558225 0.980218075 0.43527537031249997 0.9801918421875 0.4307580015625
0 0 0.7966436515625 0.00159549375 0.8031720578125 0.025248989062499998 0.80427575625 0.15340293437500002 0.8073456953125 0.18958789843749999 0.7218928703125 0.18957253125 0.7192466046875 0 0.711691525 0 0.7966436515625
0 0.3375243375 0.63215345625 0.3375211984375 0.6316131890625 0.129244040625 0.5124735499999999 0.0619554859375 0.5406004421875 0.061957434374999995 0.540936159375 0.28136331718749996 0.6674966984374999 0.2833053125 0.6675873125 0.3375243375 0.63215345625
0 0 0.556332075 0.063928103125 0.572809875 0.0678736078125 0.5729939765625 0.1103186984375 0.5266803546875 0.11031255 0.52562150625 0 0.5035665828125 0 0.556332075
0 0.23507024062499998 0.48098518749999997 0.047317084375 0.4081129859375 0.00234571875 0.42425272343750003 0.1888881796875 0.5128864953125001 0.1901453640625 0.5129451578124999 0.23507828281249998 0.48237010937499997 0.23507024062499998 0.48098518749999997
0 0.389203728125 0.3819824078125 0.2631038015625 0.3244226640625 0.2316196265625 0.3371522328125 0.36356126093749996 0.40205322499999996 0.3673750796875 0.4022311828125 0.389210690625 0.38318124062500003 0.389203728125 0.3819824078125
1 0.49256351875000004 0.4200120390625 0.3267846234375 0.42970202031250004 0.31140818124999997 0.465373859375 0.32393419375 0.46595833750000004 0.4753361765625 0.45185305624999994 0.49257883593749996 0.422649525 0.49256351875000004 0.4200120390625
1 0.548716925 0.40206863281249994 0.5487106125000001 0.4009816375 0.3984177296875 0.355834475 0.3657328484375 0.3767800390625 0.3657329359375 0.376794965625 0.52293644375 0.4220144484375 0.5285402859375 0.42227593125 0.548716925 0.40206863281249994