0 0.8708522999999999 0.5386690140625 0.8129522093749999 0.4565444703125 0.465494525 0.606151221875 0.4867178390625 0.7049483859375 0.5154380062499999 0.6957557265625 0.8712880703125 0.5403490390625 0.8708522999999999 0.5386690140625
0 0.4671878625 0.657925696875 0.43690124687500004 0.5641289578124999 0.10904300156249999 0.753210096875 0.10958586562499999 0.8563549671875 0.11615670781250001 0.8542517921874999 0.46836807968749994 0.6624757984375 0.4671878625 0.657925696875
0 0.686688465625 0.24595676875 0.663304390625 0.21258862031249998 0.43147040312499996 0.2888530296875 0.4319349734375 0.34121406875 0.45730299375000005 0.333094353125 0.6880006765625 0.2510157515625 0.686688465625 0.24595676875
0 0.6330135390625 0.14650873749999999 0.61967954375 0.123422665625 0.42863634531250006 0.204122090625 0.43172615 0.2475791953125 0.4389705515625 0.2452604296875 0.6343120453125 0.151514878125 0.6330135390625 0.14650873749999999
0 0.417570853125 0.1947618796875 0.4162157140625 0.1895374015625 0.41444185468750006 0.1901051734375 0.21850690312499998 0.28706989374999997 0.21630121406249997 0.3229472015625 0.21669932187500002 0.3244820265625 0.21734165625 0.3242764296875 0.423131890625 0.2400640890625 0.417570853125 0.1947618796875
0 0.28087310312499997 0.13362293593750002 0.2694637296875 0.1702718875 0.277757771875 0.1676171578125 0.42371772500000005 0.11097455781250001 0.418796296875 0.0920009328125 0.28087310312499997 0.13362293593750002
1 0.5818253328125 0.0376797609375 0.57294920625 0.0203481625 0.4351969171875 0.091038946875 0.432414203125 0.114884128125 0.44647872031249997 0.110382403125 0.58273053125 0.041169585937499996 0.5818253328125 0.0376797609375
1 0.1991668640625 0.390641028125 0.1973647640625 0.43891220468750003 0.19849006875 0.43855201875 0.428713365625 0.326237121875 0.41537117187500006 0.27479883125 0.1991668640625 0.390641028125
1 0.4235000953125 0.400978425 0.42025106875 0.3884524234375 0.41952342187499997 0.388685325 0.1562218390625 0.5138162171875 0.1474086796875 0.5889923687499999 0.1566379609375 0.5860382921875 0.43677900156250005 0.45898449374999994 0.4235000953125 0.400978425
1 0.7262303328125 0.3201476125 0.4411393171875 0.377603296875 0.4362134796875 0.440712271875 0.7434779921875 0.3917422296875 0.7480043421875 0.39029345000000004 0.7262303328125 0.3201476125
1 1 0.7885959437500001 0.50217074375 0.8499138609375001 0.4951136546875 0.9228718546874999 0.8157146265625 0.8742871015624999 1 0.8153016296875 1 0.7885959437500001
1 0.5110019453125 0.928005290625 0.1441106703125 0.9793947609375 0.14222219687499998 0.9799992171874999 0.1428568890625 0.9895379625 0.509954996875 0.957421040625 0.512721496875 0.9346347015625 0.5110019453125 0.928005290625
1 0.056500578125 0.462997453125 0.079494253125 0.4088131875 0.079196259375 0.4076643296875 0.009638871875 0.41412526875 0.010828899999999999 0.46525367500000003 0.052868320312499995 0.4641600546875 0.056500578125 0.462997453125
1 0.41536096406249995 0.1293380296875 0.2498363828125 0.20000316875 0.24332806875 0.223872615625 0.27916365 0.21240247656250003 0.4190524 0.156241378125 0.418081846875 0.1398278796875 0.41536096406249995 0.1293380296875
1 0.5971490828125 0.0714668796875 0.574898140625 0.047474746875 0.436373465625 0.1480370078125 0.437029584375 0.1780287234375 0.43858754062500005 0.177530059375 0.597267953125 0.0719251546875 0.5971490828125 0.0714668796875
1 0.119329084375 0.29051390312500003 0.11892016875 0.28893740625 0.0079066484375 0.339701821875 0.0088084015625 0.378444865625 0.10614162187500001 0.340865884375 0.119329084375 0.29051390312500003
1 0.142434965625 0.2088820875 0.141490696875 0.20524163906249998 0.0066669328125 0.28643863281250004 0.0074918125 0.32187878125 0.1437162625 0.24675915625 0.142434965625 0.2088820875