0 0.5185821078124999 0.798592634375 0.1638888671875 0.7654320968749999 0.1038741234375 0.867759765625 0.5026050421875 0.90481360625 0.5185821078124999 0.798592634375
0 0.907587934375 0.8319410906250001 0.521180534375 0.7987654296875 0.51997139375 0.9122243734375 0.9395419390624999 0.9542187640625001 0.907587934375 0.8319410906250001
1 0.25878177343750003 0.588620909375 0.22847220156249998 0.6487654296875001 0.5359483953125 0.6787851796875 0.5456735828125 0.6096180484375 0.25878177343750003 0.588620909375
1 0.8450691484374999 0.6343205703125 0.553314746875 0.6059126640625 0.53733774375 0.6763149609375 0.861740825 0.7034878140624999 0.8450691484374999 0.6343205703125
0 0.5692917484375 0.5033970765625 0.56373454375 0.550331903125 0.8277027328125 0.5676236578125 0.8158937140625 0.504632128125 0.5692917484375 0.5033970765625
1 0.3351936671875 0.482399825 0.3045138671875 0.528395059375 0.5602613 0.555272453125 0.5720703828125 0.509572678125 0.3351936671875 0.482399825
0 0.59013134375 0.414467803125 0.577430534375 0.459876540625 0.8026952187499999 0.4774593875 0.7985273 0.4292893390625 0.59013134375 0.414467803125
0 0.37339954999999997 0.4157029125 0.3597222015625 0.428395059375 0.5734596671875 0.4552270265625 0.5915206921875 0.40952730937500004 0.37339954999999997 0.4157029125
1 0.42480392812499995 0.34159523125 0.41388886718749995 0.3672839484375 0.596383221875 0.37370857812499997 0.6026351015625 0.34406550625 0.42480392812499995 0.34159523125
1 0.7762984828125 0.3539465484375 0.6068030203125 0.3490059984375 0.596383221875 0.378649071875 0.788802240625 0.38853011406250004 0.7762984828125 0.3539465484375
1 0.7756037453125 0.31071704843750003 0.6159722015625 0.29691357812499997 0.6088869796874999 0.32677369375 0.7818556234375 0.3341844625 0.7756037453125 0.31071704843750003
0 0.4637044859375 0.28724963593749997 0.45659720156250005 0.315432096875 0.6026351015625 0.337889846875 0.6109709390625 0.30577655625 0.4637044859375 0.28724963593749997
0 0.031630182812500005 0.3168927078125 0.014930534375000002 0.3302469109375 0.17195014687500002 0.3551816578125 0.19140045781249998 0.32924396875 0.031630182812500005 0.3168927078125
1 0.096180534375 0.378395059375 0.062194932812500006 0.4181731875 0.2580871640625 0.4243488453125 0.2844839625 0.39841115781249997 0.096180534375 0.378395059375
1 0.2212705015625 0.476224221875 0.031597201562499996 0.46728394843750004 0.0114852609375 0.5120428968749999 0.1865378640625 0.5194536640625 0.2212705015625 0.476224221875
1 0.12124044375000001 0.5812101421875 0.0013888671875 0.559876540625 0.0052333828125 0.6293801343750001 0.0642788921875 0.6429665046874999 0.12124044375000001 0.5812101421875
1 0.08303452812499999 0.37494368749999996 0.0038440656250000003 0.36753291875 0.0087066265625 0.4021165421875 0.06011097343750001 0.4206434609375 0.08303452812499999 0.37494368749999996