0 0.4919525125 0.3890764953125 0.2781745515625 0.3899094875 0.2626559234375 0.4221529265625 0.270215528125 0.4232893984375 0.47377212812499997 0.42690050625 0.49147771249999994 0.390853703125 0.4919525125 0.3890764953125
0 0.47596376874999996 0.42432100312500004 0.659925428125 0.47543077968749997 0.6815418390625 0.478680478125 0.6827988953124999 0.4739752390625 0.68714351875 0.4461354125 0.49815445 0.39148386875 0.498533665625 0.38794133125 0.4762416640625 0.42328082499999997 0.47596376874999996 0.42432100312500004
0 0.6844601828125 0.55003255 0.47154655156249997 0.464423784375 0.44734416718750003 0.505020996875 0.6578352562500001 0.60402808125 0.6689822203125 0.6057038578125 0.6756460625 0.5830243546875 0.6844601828125 0.55003255
1 0.4566841734375 0.4858271453125 0.45768292187500004 0.48208875781250005 0.4402534796875 0.47946850625000004 0.22018490000000002 0.447796175 0.1815685640625 0.4948689453125 0.413312990625 0.5398741765625 0.43191107031250003 0.542670115625 0.4566841734375 0.4858271453125
1 0.38571993125000004 0.610406875 0.3946550921875 0.55897325 0.10970570625 0.572633946875 0.08111811249999999 0.6478503484375 0.090231165625 0.6492203562500001 0.38340576249999997 0.619068953125 0.38571993125000004 0.610406875
1 0.6843921015625 0.6112432875 0.6823024171875 0.6109291359375 0.3922959359375 0.6145738875 0.3809634328125 0.6816477734374999 0.386508103125 0.68248133125 0.6939626390625 0.6848923078125 0.6957524375 0.678192978125 0.6843921015625 0.6112432875
0 0 0.8185526843750001 0.25595352656250003 0.91906609375 0.259708378125 0.9196305796875001 0.322023575 0.8194422109374999 0.32358039375000003 0.8136149453125 0 0.6965172703125 0 0.8185526843750001
0 0.3459293625 0.757487753125 0.3011927453125 0.8593318671875 0.60715574375 0.9573592874999999 0.68696835625 0.9522446625000001 0.6979381640625 0.8658323796875 0.3459293625 0.757487753125
0 0.5476667187500001 0.2804408015625 0.40127295937499996 0.28481845625 0.3850894171875 0.30681323125 0.3897415203125 0.30751260468749997 0.5371972203125 0.3068092 0.546758025 0.28384210312499997 0.5476667187500001 0.2804408015625
1 0.6915967296875001 0.3528919453125 0.6939751656250001 0.3439893140625 0.696036046875 0.328756984375 0.56255786875 0.2790392859375 0.538007046875 0.3070233890625 0.6883187000000001 0.35239914375 0.6915967296875001 0.3528919453125
1 0.5219126234375 0.341579034375 0.3529812796875 0.3148940671875 0.33899924531250003 0.33515791250000004 0.4977989265625 0.3688764265625 0.508979015625 0.370557184375 0.5191950921874999 0.351750925 0.5219126234375 0.341579034375
1 0.7021533718749999 0.3662692328125 0.6947507046875 0.33977920781250004 0.52057915 0.3604264484375 0.511608915625 0.3870664890625 0.5174110859375001 0.3879387578125 0.7018659078125 0.367345228125 0.7021533718749999 0.3662692328125
1 0.26749281406250003 0.28307378125 0.09102879375 0.280800153125 0.0702366015625 0.31104450781250004 0.0736203984375 0.3115532109375 0.2423035171875 0.3076977140625 0.26747367031249997 0.28314543593749997 0.26749281406250003 0.28307378125
1 0.1983468625 0.34207924375 0.02989015625 0.3192923609375 0.006637290625 0.35146240781250004 0.154225471875 0.3784583578125 0.16326617968749998 0.379817490625 0.19806636875 0.3431291515625 0.1983468625 0.34207924375
1 0 0.44075179843749995 0.05705361875 0.4637564796875 0.062048395312500004 0.46450736875 0.10851872968750001 0.4373616109375 0.1090063375 0.4355364640625 0 0.3862808609375 0 0.3870279890625 0.0013025359375 0.3885972296875 0 0.39067228125 0 0.44075179843749995
0 0.09152080312500001 0.26003591875 0.027573409375000003 0.252691675 0.0230101765625 0.2790065640625 0.055618153125 0.2878987234375 0.065537040625 0.289389878125 0.09117744375 0.2613211296875 0.09152080312500001 0.26003591875