0 0.5039943906250001 0.43175961406249996 0.2888888671875 0.441358021875 0.278232084375 0.47498905625 0.491490634375 0.4700485625 0.5039943906250001 0.43175961406249996
0 0.716558265625 0.4725188375 0.7096117765625001 0.43793521562500004 0.505555534375 0.4302469109375 0.5046890015625001 0.4268190640625 0.494963878125 0.4663431796875 0.716558265625 0.4725188375
0 0.7311459828125 0.52068883125 0.489930534375 0.5228395031249999 0.486628040625 0.5676236578125 0.7429551296875 0.5787398109375 0.7311459828125 0.52068883125
1 0.4921852453125 0.52068883125 0.246180534375 0.51358024375 0.21849193125 0.5639182734375 0.4796814875 0.583680359375 0.4921852453125 0.52068883125
1 0.45814728125000004 0.6355557359375 0.1732638671875 0.6209876515625 0.145553346875 0.6960770468749999 0.44911676875 0.69484188125 0.45814728125000004 0.6355557359375
1 0.7582374578125 0.62814496875 0.464930534375 0.6283950593750001 0.4609258515625 0.6960770468749999 0.779077053125 0.7022526484375 0.7582374578125 0.62814496875
0 0.44078092968749993 0.8195897734375001 0.071180534375 0.815432096875 0.012179903124999999 0.9221054734375 0.42341457968749996 0.9369270109375 0.44078092968749993 0.8195897734375001
0 0.8249241625 0.8270005406250001 0.44201386718749996 0.8265432078125 0.43939164531249997 0.9332216265625 0.8568781671875 0.9381620625 0.8249241625 0.8270005406250001
0 0.3831247375 0.3193629265625 0.368055534375 0.341358021875 0.521360678125 0.34777088906250003 0.530391190625 0.3218332015625 0.3831247375 0.3193629265625
1 0.6846042625 0.3168927078125 0.5357638671875 0.3191358 0.525528596875 0.35271138281250003 0.6929401000000001 0.340360121875 0.6846042625 0.3168927078125
1 0.3414455453125 0.371238303125 0.333680534375 0.39320987343749997 0.5123302296875 0.3971759921875 0.51927671875 0.3662978109375 0.3414455453125 0.371238303125
1 0.695024059375 0.3638275359375 0.521180534375 0.3672839484375 0.5123302296875 0.3947057734375 0.7033598984375 0.3922354984375 0.695024059375 0.3638275359375
1 0.25183528437499997 0.3638275359375 0.0740040484375 0.3625924265625 0.056637696875 0.3934706078125 0.22960634062500002 0.38853011406250004 0.25183528437499997 0.3638275359375
1 0.19626298749999999 0.4181731875 0.021905059375 0.4206434609375 0.007317342187500001 0.4552270265625 0.1705608625 0.46016752031249997 0.19626298749999999 0.4181731875
1 0.096927603125 0.550331903125 0.1288816703125 0.50586729375 0.0003472015625 0.5043209859375 0.0038440656250000003 0.50586729375 0 0.552802121875 0.096927603125 0.550331903125
0 0.06775216875 0.3539465484375 0.0013888671875 0.3561728375 0.0038440656250000003 0.38235445625 0.048301859375 0.38729500625 0.06775216875 0.3539465484375
1 0.0010654624999999998 0.61579365 0 0.6516124375000001 0.031630182812500005 0.617028815625 0.0010654624999999998 0.61579365