0 0.667237846875 0.8146493359375 0.3170138671875 0.7450617265624999 0.2657283265625 0.834411309375 0.6505661703125 0.9196351421875001 0.667237846875 0.8146493359375
0 0.9985874171875 0.87146515 0.674305534375 0.8209876515625 0.6595967468749999 0.9295162421875001 0.995808846875 0.9888023859375 0.9985874171875 0.87146515
1 0.41855205 0.5775047578125 0.383680534375 0.6339506140625 0.6804363421875 0.6973120984375 0.6852988734375 0.617028815625 0.41855205 0.5775047578125
1 1 0.65902320625 0.699305534375 0.6117283921875 0.6873828328125 0.6812555109375 0.999976765625 0.7491874765625 1 0.65902320625
1 0.48384940624999995 0.49104575781250004 0.455555534375 0.5265432078125001 0.7061384687500001 0.5750344265625 0.7228101453125 0.52068883125 0.48384940624999995 0.49104575781250004
0 0.9944194984375001 0.5478616859375001 0.7222222015625 0.5191358 0.712390346875 0.5651534390624999 1 0.6034424453125 0.9944194984375001 0.5478616859375001
0 0.964549453125 0.4527567515625 0.7450390890625 0.416938078125 0.7315972015625001 0.45617283750000004 0.734619290625 0.4576973015625 0.9694119828125001 0.48981059218749995 0.964549453125 0.4527567515625
0 0.52830723125 0.411997528125 0.5107638671875 0.4395061703125 0.7269780640625 0.4626377953125 0.7401764328125 0.4157029125 0.52830723125 0.411997528125
1 0.7624053765625 0.3564167671875 0.7561534984375 0.3588870421875 0.5811008953125001 0.34653578125 0.5690972015625 0.37283950312499997 0.5602613 0.376178853125 0.7485122703125 0.38976522343750003 0.7624053765625 0.3564167671875
1 0.9485723875 0.3798842375 0.7597222015625 0.3561728375 0.7464283109375 0.38729500625 0.9610761453125001 0.404586759375 0.9485723875 0.3798842375
1 0.7756037453125 0.3205980921875 0.76796264375 0.33294935312499996 0.950656346875 0.35765193281249996 0.9485723875 0.32924396875 0.7756037453125 0.3205980921875
0 0.62555865625 0.297130621875 0.6081923687499999 0.32677369375 0.765183946875 0.3391250125 0.7756037453125 0.3156575421875 0.62555865625 0.297130621875
0 0.34700275 0.3144224328125 0.1972222015625 0.29876542968750003 0.1754233921875 0.3218332015625 0.3261631546875 0.34406550625 0.34700275 0.3144224328125
1 0.43591833593749996 0.38853011406250004 0.2545138671875 0.36358024375000003 0.23585821875000001 0.3934706078125 0.41368945625000003 0.4292893390625 0.43591833593749996 0.38853011406250004
1 0.1775073515625 0.42805422968749995 0.146180534375 0.4691358 0.34075087187499997 0.50092674375 0.37478889843749996 0.46387290468750003 0.1775073515625 0.42805422968749995
0 0.2844839625 0.5478616859375001 0.0451388671875 0.5228395031249999 0 0.5589778375 0.23655289375000002 0.617028815625 0.2844839625 0.5478616859375001
1 0.1379121203125 0.47498905625 0.1705608625 0.4305244484375 0.0052333828125 0.41076241874999997 0 0.4539919171875 0.1379121203125 0.47498905625
1 0.101095521875 0.34159523125 0.077430534375 0.3709876515625 0.2323849734375 0.38976522343750003 0.2553085296875 0.3638275359375 0.101095521875 0.34159523125
0 0.07261473125 0.8146493359375 0.13513355 0.7183093515625 0 0.6932098734375 0.0045387078125 0.69484188125 0.0010654624999999998 0.7813008796875 0.07261473125 0.8146493359375