0 0.178202025 0.691136496875 0.419941334375 0.7850062640625 0.490101284375 0.7146039671875 0.22752238125000002 0.62320441875 0.178202025 0.691136496875
0 0.3310257484375 0.910989321875 0.064930534375 0.76358024375 0.0052333828125 0.87393548125 0.23585821875000001 1 0.3310257484375 0.910989321875
0 0.00037078906249999997 0.56638860625 0.0003472015625 0.6172839484375 0.1684769015625 0.693606715625 0.2247438109375 0.6219693656249999 0.0281569375 0.5490967375 0.00037078906249999997 0.56638860625
0 0.220575890625 0.44658115 0.1795138671875 0.4932098734375 0.3588118328125 0.545391353125 0.4060482921875 0.5021619109375 0.220575890625 0.44658115
0 0.6200014515625 0.5700939890625001 0.408680534375 0.51358024375 0.3643691 0.54168596875 0.5741543421874999 0.6182639812499999 0.6200014515625 0.5700939890625001
0 0.3122701125 0.42805422968749995 0.47847220156250003 0.47839505937500004 0.5234446375 0.44781625937499997 0.3657583859375 0.404586759375 0.3122701125 0.42805422968749995
1 0.717947615625 0.4984565265625 0.5232638671875 0.44691357812500004 0.48454408125 0.483634990625 0.6832149125 0.54168596875 0.717947615625 0.4984565265625
1 0.45745260625000006 0.3564167671875 0.427430534375 0.378395059375 0.58179550625 0.416938078125 0.610276328125 0.3922354984375 0.45745260625000006 0.3564167671875
1 0.7839395828125 0.42805422968749995 0.6123602874999999 0.3910003890625 0.5845741390625 0.4157029125 0.7575428468750001 0.4626377953125 0.7839395828125 0.42805422968749995
0 0.5380323546875 0.3205980921875 0.5253472015625 0.33395061406250004 0.6693218078125 0.37370857812499997 0.6922453625 0.3514762734375 0.5380323546875 0.3205980921875
1 0.8415958390625 0.378649071875 0.6940972015625 0.35061728125 0.6693218078125 0.37370857812499997 0.8235348140625 0.404586759375 0.8415958390625 0.378649071875
1 0.8315972015625 0.53765431875 0.8040845671874999 0.5737993734375 0.9965034578124999 0.6306151859375 0.9944194984375001 0.5799749765625 0.8315972015625 0.53765431875
1 0.7561534984375 0.6293801343750001 0.721180534375 0.678395059375 0.9971981953125001 0.7738901125 0.9965034578124999 0.69978243125 0.7561534984375 0.6293801343750001
0 1 1 0.999976765625 0.910989321875 0.6526501312499999 0.7689495625 0.588742059375 0.8517031765624999 0.9228702625 1 1 1
0 0.055248412499999996 0.7640090125000001 0.0003472015625 0.7339506140625 0 0.83317625625 0.01009594375 0.829470871875 0.055248412499999996 0.7640090125000001
0 0.8791071109375 0.4663431796875 0.8649305343749999 0.4895061703125 0.9937248875 0.5231590484375 1 0.48981059218749995 0.8791071109375 0.4663431796875
1 0.9381525906249999 0.4021165421875 0.9211805343749999 0.42654320781250005 0.9992821546874999 0.44905136875 1 0.4157029125 0.9381525906249999 0.4021165421875