0 0.5261992859375 0.860447584375 0.23657713125000002 0.8068920796875 0.186597984375 0.9135104421875001 0.476141603125 0.9862607000000001 0.47840868593749997 0.9857616703125001 0.5264784640625 0.8615748515625 0.5261992859375 0.860447584375
0 0.2364794828125 0.7817408125 0.0595129046875 0.7564602515625001 0.0740614640625 0.8152048171875 0.098042875 0.8729016656249999 0.204113775 0.8946664 0.23704654062500002 0.784030496875 0.2364794828125 0.7817408125
0 0.16462169843750002 0.6121477890625 0.1645876828125 0.6121552765625 0.11598809531250001 0.6865207578125 0.3367555375 0.6869411359375001 0.342141028125 0.6857556859375 0.38436339375 0.6041023953125 0.3840361375 0.6027809953125 0.16462169843750002 0.6121477890625
0 0.637869346875 0.6721683109375001 0.39063295 0.627804975 0.3397274609375 0.688939171875 0.583112796875 0.7631038609374999 0.5878819609375 0.7620540765625 0.6383577328125 0.674140328125 0.637869346875 0.6721683109375001
0 0.5144453734375001 0.496623678125 0.32424737187499997 0.4403843171875 0.29012186406249996 0.481067178125 0.463149265625 0.5367775765625 0.4651035453125 0.536347403125 0.5146879859375 0.4976033015625 0.5144453734375001 0.496623678125
0 0.7243108671875 0.46595376406250005 0.5082379671874999 0.5015312546875 0.47394254687500004 0.5622253359375 0.6985537484375001 0.5235948125000001 0.7019905109375 0.5228383140624999 0.7244441484374999 0.4664919328125 0.7243108671875 0.46595376406250005
0 0.5957238312500001 0.3857767890625 0.4264079984375 0.388613196875 0.39503714375 0.4246139015625 0.571497596875 0.43083019375 0.5743351484375 0.4302055953125 0.59617573125 0.3876014890625 0.5957238312500001 0.3857767890625
0 0.7373357046875 0.25383337968749997 0.5924176671875 0.262934603125 0.5783238484375001 0.286396759375 0.718094534375 0.28265856875 0.7236603203125 0.28143343125000003 0.7375476937500001 0.2546893484375 0.7373357046875 0.25383337968749997
1 0.81015023125 0.40580503593749995 0.6041511125000001 0.37918711250000003 0.5844413796875 0.40645469843750004 0.7884443078125 0.44263723749999995 0.7894556078125 0.44241463124999997 0.8107630218749999 0.40827938281250004 0.81015023125 0.40580503593749995
1 0.6824868656249999 0.32935767656250003 0.6823018296875001 0.3286105375 0.5234817375 0.3097483828125 0.49420537031249995 0.3309648265625 0.494210140625 0.33098409375000004 0.6635446468749999 0.36227602812500004 0.6642577671875001 0.36211905624999996 0.6824868656249999 0.32935767656250003
1 0.90671768125 0.24154330000000002 0.747964078125 0.2574826859375 0.7463914921875 0.2747051625 0.88859785 0.2773227484375 0.8907852390625 0.27684126249999996 0.90671768125 0.24154330000000002
1 1 0.5313445 0.8811968890624999 0.4976198078125 0.8562687390624999 0.5693836109375 1 0.6049426515625 1 0.5313445
1 1 0.6934745578125 0.7962511515624999 0.7110554375 0.782743378125 0.8089689718749999 1 0.8018528140625 1 0.6934745578125
1 1 0.43001734531249997 0.994825775 0.41480670937499997 0.9365078875 0.409951771875 0.9196054968749999 0.45884448281249995 0.998806459375 0.45428390937499996 1 0.4540211875 1 0.43001734531249997