0 0.708372478125 0.6886166984375001 0.3564987703125 0.7714253953125 0.3376844015625 0.8743666187500001 0.7154578500000001 0.79382980625 0.72886978125 0.7898939421875 0.7268381625 0.7789274796875 0.708372478125 0.6886166984375001
0 0.74892255 0.8524632125 0.8702732281250001 0.8168516390624999 0.9899793296875 0.7795450484375 0.9913527906249999 0.661510028125 0.7218310796875 0.7512088890624999 0.74892255 0.8524632125
1 0.7009791578125 0.5333145328125 0.43324249375 0.5438212203125 0.40376658593750003 0.605952240625 0.69659660625 0.6131063875 0.705059375 0.610622903125 0.702823840625 0.5423363921875 0.7009791578125 0.5333145328125
1 0.7104419671875 0.5582517078125 0.9923454828124999 0.576198296875 0.99336241875 0.48880308437500003 0.7183023859375 0.48748729687500003 0.7104419671875 0.5582517078125
1 0.7176414234374999 0.42417586875 0.476954884375 0.4477196140625 0.4534218046875 0.48869320937499994 0.7011035578125 0.48124367343749996 0.7084919609375 0.479075471875 0.7177058421875 0.4244909265625 0.7176414234374999 0.42417586875
0 0.715208334375 0.4330729171875 0.7210904031250001 0.4785622375 0.8013911531250001 0.454997178125 0.9944319734375 0.39688581875 0.9947201781249999 0.372117509375 0.981584140625 0.34528818437500003 0.715208334375 0.4330729171875
0 0.94755345 0.3333524171875 0.9410176765625 0.3013876796875 0.7233965625 0.2875067265625 0.7101822640625 0.32801129218749997 0.7132133781250001 0.32923395625 0.9405401828125 0.33774878125 0.9478659046875 0.3355989734375 0.94755345 0.3333524171875
0 0.7166429125 0.32397771249999996 0.5060530625 0.352180203125 0.490137784375 0.382117525 0.7024652515625001 0.37259130156250003 0.707624571875 0.371077246875 0.7171873828125 0.326640575 0.7166429125 0.32397771249999996
1 0.7155251140625001 0.28916112968749996 0.7255137421875 0.2561621125 0.7254296874999999 0.2557510234375 0.719688828125 0.2591949078125 0.5442341390625 0.2795258171875 0.534726696875 0.30769021875 0.5262388640625 0.312623703125 0.7052972265624999 0.29216260625 0.7155251140625001 0.28916112968749996
1 0.924514184375 0.22067345624999998 0.9081333703125001 0.20536315468750002 0.720782290625 0.2564295125 0.71738175625 0.2902082328125 0.72405699375 0.288249315625 0.9252158375 0.2241050546875 0.924514184375 0.22067345624999998
1 0.9027817953125 0.1779292140625 0.730895009375 0.1953719328125 0.723984528125 0.2087780109375 0.9020921828124999 0.20575600781249997 0.9076138578125 0.204135615625 0.90661384375 0.19667075 0.9027817953125 0.1779292140625
0 0.580811203125 0.21725760312500003 0.5803922234375001 0.2173805578125 0.5643065234375 0.24906190156250002 0.7185980875 0.2405007609375 0.7219974953125 0.23950316875 0.7305349624999999 0.21717644218749999 0.730214690625 0.21561007656250003 0.580811203125 0.21725760312500003
0 0.30403792812499997 0.3155873390625 0.15760790625 0.36131036875 0.144170484375 0.3912878046875 0.21850374375 0.371338934375 0.29487275468749996 0.3489276828125 0.3042926125 0.316832934375 0.30403792812499997 0.3155873390625
1 0.4058114703125 0.3605900234375 0.22534071406249997 0.4075940828125 0.21643690468750001 0.44248075625 0.39341321093750004 0.40756738437499995 0.3969453375 0.40653084687499996 0.40587992812499996 0.36092482812500004 0.4058114703125 0.3605900234375
1 0.3647826234375 0.4776444390625 0.1670667859375 0.46847519843749996 0.13743649375 0.5135181640625001 0.32848944687500004 0.5189531578125 0.334684521875 0.5171351515625 0.364969759375 0.47855968125 0.3647826234375 0.4776444390625
0 0.28942739687499996 0.56184676875 0.05124665625 0.6148109640625 0.016149534375 0.662980346875 0.01627715 0.663604478125 0.258653796875 0.642924040625 0.259288340625 0.642737828125 0.2895879078125 0.5626317828125 0.28942739687499996 0.56184676875
1 0 0.553144965625 0.1288741328125 0.5441012703125 0.13304410625000002 0.54287755 0.1586681203125 0.4942258921875 0.15846133906249998 0.4932145796875 0 0.50941975625 0 0.553144965625
1 0.0731308171875 0.4203678875 0.07237024375 0.420591084375 0.0544289328125 0.45526444374999997 0.1964235390625 0.433536928125 0.2115849453125 0.4290876625 0.2262037984375 0.4035517859375 0.22557750781250002 0.40048876718750004 0.0731308171875 0.4203678875
0 0.1687547328125 0.765957825 0.16847164375 0.7645733171875 0.044576115625 0.8020072390624999 0.051836971875000006 0.837518171875 0.06896090625 0.8828341234374999 0.14170419843749998 0.8794220390625 0.1481156921875 0.8775405218750001 0.1687547328125 0.765957825