0 0.5130115171875 0.41930401093749997 0.300942578125 0.4425302359375 0.2942734078125 0.47389008906249996 0.30557280625 0.475738090625 0.5054010359375 0.4582095578125 0.5115789796875 0.430380803125 0.5130115171875 0.41930401093749997
0 0.5058900046875 0.46213243593750003 0.6981669078125 0.5273474984375001 0.7170388296875 0.530433975 0.71850783125 0.5190752375 0.7199207999999999 0.4988040265625 0.5251480640625 0.43065187812500005 0.52521881875 0.4271205765625 0.5060664421875 0.46076817343750004 0.5058900046875 0.46213243593750003
0 0.7345182765625 0.627783884375 0.7357205 0.6184879359375001 0.7331468984375 0.5718788296875 0.494150409375 0.5307155531250001 0.48439147499999996 0.574192734375 0.6878459343750001 0.6201506859375 0.7345182765625 0.627783884375
1 0.4946005578125 0.5371885359374999 0.2552871359375 0.47803812656250005 0.21901579999999998 0.52131189375 0.456955928125 0.5918380578125 0.4732153109375 0.5944972578125001 0.4938453421875 0.5430280796875 0.4946005578125 0.5371885359374999
1 0.1606651734375 0.596537309375 0.13479955937500002 0.6682877546875 0.15359273281250002 0.671361353125 0.4369792078125 0.6768044359375 0.444628859375 0.6176551234375001 0.1606651734375 0.596537309375
1 0.7578145468749999 0.741342225 0.7440873375 0.672645559375 0.4515801796875 0.6405299921875 0.4426545328125 0.70603819375 0.48345210781250003 0.71271058125 0.7569129453125 0.7483136640625 0.7578145468749999 0.741342225
0 0.40368252499999996 0.873078184375 0.4045662140625 0.8662452406250001 0.061800668749999996 0.7229106109375001 0.0089197671875 0.7665628765625 0.009507867187500001 0.8171040734374999 0.3498882296875 0.9692056828125001 0.40368252499999996 0.873078184375
0 0.795144278125 1 0.7889093968750001 0.90351766875 0.4149084765625 0.8082544625000001 0.389558678125 0.910990834375 0.7243191046875 1 0.795144278125 1
0 0.55771405625 0.3428685984375 0.557975265625 0.3408488515625 0.4129198859375 0.3146474140625 0.395978040625 0.3330307078125 0.3958458234375 0.33405304375 0.519001065625 0.3594581203125 0.54695775625 0.3640303984375 0.55771405625 0.3428685984375
1 0.7193915265624999 0.3653963546875 0.7100840109375001 0.344391109375 0.561909503125 0.35355910156250003 0.554832825 0.3857914421875 0.5609555546875 0.38679280625 0.719106971875 0.36759660156249996 0.7193915265624999 0.3653963546875
1 0.5387332781249999 0.3794990203125 0.3640378109375 0.361980125 0.3548963 0.38143944687500003 0.466754175 0.39973365 0.53178315 0.40953053125 0.5368352125 0.3941754046875 0.5387332781249999 0.3794990203125
1 0.7189092859375 0.4425481265625 0.7195221625 0.43780918125 0.71749908125 0.41471705 0.546354590625 0.3779792703125 0.532287065625 0.40262759062500003 0.6935258656250001 0.4383967046875 0.7189092859375 0.4425481265625
1 0.110097553125 0.29100765625 0.1084316546875 0.29073519999999997 0.0817552078125 0.312428196875 0.24292291875 0.3725754703125 0.2465564375 0.37316972656249997 0.272127884375 0.3606517125 0.2724576109375 0.3581021671875 0.110097553125 0.29100765625
1 0.21321181562499997 0.387907175 0.2134641421875 0.3859561046875 0.0427844859375 0.3513816625 0.0224307796875 0.38175769375 0.022386665625 0.38209878124999996 0.171454959375 0.4191565375 0.1826649875 0.4209899234375 0.21321181562499997 0.387907175
1 0.104444609375 0.48957187968750004 0.1330431265625 0.4448852453125 0.133132971875 0.44419054375 0.0079498609375 0.446329271875 0.007803539062500001 0.44746068125000005 0.00870154375 0.4478220859375 0.007896384375 0.49319733593750004 0.015511995312499999 0.49444286093749995 0.104444609375 0.48957187968750004
0 0.073256840625 0.32592858125 0.093423471875 0.298460953125 0.093690728125 0.296394453125 0.083575953125 0.29474019687499997 0.029530709375000002 0.289632775 0.0290532140625 0.293324909375 0.02906264375 0.3158754703125 0.0653295015625 0.324632075 0.073256840625 0.32592858125
1 0.0230912015625 0.548598515625 0.006377929687500001 0.5481179015625 0.006619067187499999 0.5688412421875 0.022932701562499998 0.5498240812499999 0.0230912015625 0.548598515625