0 0.18823195937499998 0.6676119265625 0.18821821562500002 0.6676126546875001 0.1445253328125 0.732263809375 0.408457328125 0.82307643125 0.40936378749999996 0.8230283093749999 0.46459417187499996 0.756922584375 0.464471475 0.7562177265625001 0.18823195937499998 0.6676119265625
0 0.1734821453125 0.649630346875 0.0586587609375 0.6518011921875 0.06703745312500001 0.6999346203125001 0.0811062640625 0.7426841796875 0.1560770453125 0.7387042328125 0.17377759375 0.651327625 0.1734821453125 0.649630346875
0 0.3498528234375 0.553869603125 0.1399659890625 0.4765420671875 0.116864928125 0.5328629765625 0.30034879999999997 0.5938516484374999 0.30362921875 0.5936775015625 0.349925740625 0.55428849375 0.3498528234375 0.553869603125
0 1 1 1 0.9326209437499999 0.6579409390625 0.757101453125 0.604200053125 0.832226290625 0.910866609375 1 1 1
1 1 0.7161754890625 0.722175378125 0.6176790921875 0.6790434125 0.6602176671875 1 0.796398790625 1 0.7161754890625
1 0.6542428124999999 0.522801946875 0.4528787921875 0.47219791093749997 0.42633215625 0.49663790625 0.6220596578124999 0.5515420828125001 0.6270796515625 0.5512755890625 0.654322259375 0.5232583515625 0.6542428124999999 0.522801946875
1 0.7013715984375 0.4358140875 0.7011750984375 0.43468524375 0.5251080499999999 0.417940090625 0.5066738609375 0.44417712500000006 0.506678353125 0.44420293437499997 0.6810189109375 0.47429600625 0.6878896140624999 0.4739312640625 0.7013715984375 0.4358140875
0 0.5968151515625 0.37176013124999996 0.4511332890625 0.33848928125 0.43088156250000004 0.3583534453125 0.5836384765625 0.39904172031249996 0.58554315625 0.3989406078125 0.597282859375 0.3744469890625 0.5968151515625 0.37176013124999996
1 1 0.4096097765625 0.8492149375 0.407020309375 0.8425029593750001 0.40737662343750003 0.8322342484374999 0.4262999265625 1 0.441225534375 1 0.4096097765625
0 1 0.4722417359375 0.7949157546875 0.467190878125 0.7831218437499999 0.5111514015624999 1 0.5228676531249999 1 0.4722417359375
1 1 0.572291159375 0.7652662375 0.553544721875 0.75042513125 0.5977496171875 1 0.6154470375 1 0.572291159375
1 0.6075253984375 0.3630809890625 0.6054872875 0.36318918437500003 0.59772884375 0.3838359171875 0.72645020625 0.41984522812499997 0.7281161734375 0.4197567875 0.742158140625 0.3839377828125 0.7418768906250001 0.382322071875 0.6075253984375 0.3630809890625