0 0.8353439609375 0.87393548125 0.452430534375 0.8672839484375 0.44911676875 0.9690403015625 0.8700766625 0.9875672203124999 0.8353439609375 0.87393548125
0 0.4539793625 0.8554085609375001 0.0888888671875 0.8339506140624999 0.0274622625 0.939397228125 0.4366130109375 0.9665700828125001 0.4539793625 0.8554085609375001
1 0.7756037453125 0.6787851796875 0.4815972015625 0.6617283921875 0.47273499843750005 0.7306605562499999 0.7881075015625 0.74054165625 0.7756037453125 0.6787851796875
1 0.47551356875 0.6664339734375 0.1857638671875 0.6543209859375 0.1601410640625 0.7133688015625 0.468567078125 0.736836271875 0.47551356875 0.6664339734375
0 0.7422603921875 0.5700939890625001 0.5034722015625 0.5561728375 0.4942692046875 0.6096180484375 0.7561534984375 0.6120882671875 0.7422603921875 0.5700939890625001
0 0.305323559375 0.46757828906250004 0.289930534375 0.4895061703125 0.5053836765625 0.50586729375 0.5248339875 0.46140268593749995 0.305323559375 0.46757828906250004
0 0.7283674125 0.478694440625 0.5232638671875 0.472839503125 0.5158034734375 0.5132780625 0.7283674125 0.521923996875 0.7283674125 0.478694440625
1 0.3629797515625 0.39841115781249997 0.3482638671875 0.42283950312499996 0.5310858656249999 0.4292893390625 0.5338644359375 0.4008813765625 0.3629797515625 0.39841115781249997
1 0.7096117765625001 0.40952730937500004 0.5295138671874999 0.396913578125 0.5366430703125 0.440405490625 0.717947615625 0.43422983281249994 0.7096117765625001 0.40952730937500004
1 0.4018803734375 0.3564167671875 0.3831247375 0.3798842375 0.5422002734375 0.38482473125 0.5428949484375 0.3588870421875 0.4018803734375 0.3564167671875
1 0.7047491203125 0.3650627015625 0.546180534375 0.36358024375000003 0.5415056625 0.383589621875 0.7110009984375 0.3910003890625 0.7047491203125 0.3650627015625
1 0.2129346640625 0.44905136875 0.0159722015625 0.43765431875000005 0.008011984375 0.476224221875 0.1886218234375 0.478694440625 0.2129346640625 0.44905136875
1 0.2671176125 0.38853011406250004 0.1038741234375 0.381119346875 0.083680534375 0.3950617265625 0.0774772921875 0.416938078125 0.2441940578125 0.41940829687500003 0.2671176125 0.38853011406250004
1 0.14763730625 0.5367455328124999 0.005555534375 0.5265432078125001 0.00037078906249999997 0.5676236578125 0.11498856406249999 0.5750344265625 0.14763730625 0.5367455328124999
0 0.10179016406250001 0.383589621875 0.0003472015625 0.37469135625 0.00176010625 0.404586759375 0.0865078046875 0.405821925 0.10179016406250001 0.383589621875