0 0.4341004078125 0.6061030656249999 0.42377372500000005 0.7098949265625001 0.832643496875 0.688471325 0.8325209421875 0.6858405765625 0.803708115625 0.58793319375 0.5165775265625 0.6017815015625 0.4341004078125 0.6061030656249999
0 0.42164652968749994 0.6661606250000001 0.40830927499999997 0.5702657203125 0.057003099999999994 0.6826487718750001 0.040182428125 0.78474820625 0.044512771875 0.7845213078125 0.42202958749999997 0.6743833484375 0.42164652968749994 0.6661606250000001
0 0.71814354375 0.313093003125 0.694811628125 0.27473064687500004 0.46042457499999995 0.32652907343750004 0.45854528749999995 0.376419 0.47529967500000003 0.37554111875 0.718255346875 0.315492975 0.71814354375 0.313093003125
0 0.6856198390625 0.219529475 0.6773972234375 0.1934722484375 0.4765228296875 0.22292952187499998 0.470735253125 0.2662718859375 0.478202790625 0.2658806078125 0.6858638218750001 0.22476682343749999 0.6856198390625 0.219529475
0 0.46386491249999995 0.19529688125 0.25742184687499997 0.25806120625 0.25106331875 0.29342612031250004 0.2600845765625 0.29295343125 0.46454774062500004 0.24701891250000002 0.46433912812499994 0.2054764359375 0.46386491249999995 0.19529688125
0 0.492020334375 0.12791385625 0.352770071875 0.1033651640625 0.3274945484375 0.1322700796875 0.48111823437499995 0.14683301875000002 0.4909453015625 0.14631810781250001 0.4923052734375 0.1340303953125 0.492020334375 0.12791385625
1 0.6579542453125 0.0958966609375 0.6510618765625 0.0756210515625 0.506331275 0.119285571875 0.50033710625 0.14269719375 0.5093561249999999 0.1422246234375 0.6580551156250001 0.09806196874999999 0.6579542453125 0.0958966609375
1 0.44933503124999996 0.28645892812499996 0.4486613078125 0.2864942296875 0.2166571125 0.348064159375 0.2061477171875 0.394337125 0.2110895203125 0.3940781875 0.45184510937500005 0.3403403859375 0.44933503124999996 0.28645892812499996
1 0.44318693124999997 0.45677933125000003 0.162005815625 0.41210917187499996 0.11459746562499999 0.4721749375 0.41531063437500004 0.5257385015625 0.420424590625 0.5254705453125 0.4432772375 0.4587178359375 0.44318693124999997 0.45677933125000003
1 0.745292121875 0.4928043640625 0.7422350375 0.42718089531250003 0.7417461484375 0.41866460156249996 0.455546728125 0.3909679359375 0.43595021875000006 0.450833984375 0.7400003109375 0.493081640625 0.745292121875 0.4928043640625
1 0.396194878125 0.9537321593750001 0.73786700625 0.9797235734375 0.9317979781249999 0.969562146875 0.9314835546875001 0.962812725 0.9270450953125 0.93692991875 0.4153044828125 0.8834464796875 0.396194878125 0.9537321593750001
1 0.4105793453125 0.9660067109374999 0.047931353125 0.8954281078124999 0.032685803125 0.9680527328125 0.1841526703125 0.9969887109375 0.40191261562499997 0.993187696875 0.4108459390625 0.9717294171875 0.4105793453125 0.9660067109374999
1 0.071171340625 0.3760773234375 0.0911032734375 0.32197876718749996 0.091005428125 0.31987842187500004 0.0038163500000000005 0.327976353125 0.0043816328124999995 0.376556571875 0.0044525765624999995 0.377806059375 0.071171340625 0.3760773234375
1 0.30550845937500004 0.1843858234375 0.29671725625 0.209684890625 0.300218371875 0.20950144218750003 0.4763706890625 0.16145059374999998 0.4750913203125 0.133987628125 0.30550845937500004 0.1843858234375
1 0.6664893046875 0.1447569140625 0.6535701546875 0.1152202078125 0.49383200625 0.161322421875 0.485743665625 0.1888296109375 0.4946425671875 0.188363334375 0.66657825625 0.1466663203125 0.6664893046875 0.1447569140625
1 0.13513324843750002 0.2791632484375 0.1638343953125 0.23739528437500002 0.1637864078125 0.2363651546875 0.004622778125 0.24219378125 0.0029069625 0.2498237078125 0.0032211390625000004 0.276824040625 0.120555296875 0.2799270921875 0.13513324843750002 0.2791632484375
1 0.2024365296875 0.15914285781249998 0.021349734375000002 0.1940256875 0.0122423875 0.22459055781249998 0.0336748796875 0.22346755625 0.19170016875 0.1995555328125 0.202525640625 0.1610557171875 0.2024365296875 0.15914285781249998