0 0.168055534375 0.7172839484375 0.074698690625 0.8171195546875 0.3219952359375 0.9665700828125001 0.42619321250000003 0.8788759171875 0.168055534375 0.7172839484375
0 0.15875171562499998 0.7306605562499999 0.0010654624999999998 0.626909803125 0.00176010625 0.77141978125 0.0760880078125 0.8270005406250001 0.15875171562499998 0.7306605562499999
0 0.344224115625 0.593561346875 0.13513355 0.52562938125 0.065668209375 0.5700939890625001 0.282400003125 0.661493425 0.344224115625 0.593561346875
0 0.5713757078125 0.6787851796875 0.344918790625 0.59232629375 0.2851786375 0.65902320625 0.5116355546875 0.7553631921874999 0.5713757078125 0.6787851796875
0 0.3122701125 0.4181731875 0.277430534375 0.4524691328125 0.46023124062500004 0.51080784375 0.5026050421875 0.4774593875 0.3122701125 0.4181731875
0 0.712390346875 0.550331903125 0.4982638671875 0.47839505937500004 0.447032809375 0.5182186125 0.6686271968749999 0.596031678125 0.712390346875 0.550331903125
0 0.44217021562500003 0.36753291875 0.40882686250000005 0.38853011406250004 0.5755436265625 0.445345984375 0.6130548984375 0.414467803125 0.44217021562500003 0.36753291875
0 0.63042125 0.2847793609375 0.601940490625 0.299600896875 0.7742145234375 0.342830396875 0.78949685 0.3094819390625 0.63042125 0.2847793609375
1 0.7040545093749999 0.3625924265625 0.683680534375 0.3895061703125 0.8603514750000001 0.4206434609375 0.88327503125 0.3910003890625 0.7040545093749999 0.3625924265625
1 0.6290319640625001 0.41323269375000005 0.583879465625 0.44287576562500003 0.77699309375 0.4984565265625 0.8138097546875 0.4576973015625 0.6290319640625001 0.41323269375000005
1 0.5560933796875001 0.3243034765625 0.5232638671875 0.3524691328125 0.6818255640625 0.38729500625 0.69641328125 0.3539465484375 0.5560933796875001 0.3243034765625
1 0.7503472015625 0.741358021875 0.6936347109375001 0.8195897734375001 0.9965034578124999 0.9492782140625 1 0.8418220765625 0.7503472015625 0.741358021875
1 0.8568781671875 0.596031678125 0.8235348140625 0.6417313390625 0.995808846875 0.7121336359375 1 0.6404962859375 0.8568781671875 0.596031678125
1 0.9395419390624999 0.4996916921875 0.903420015625 0.5392157515625 0.995808846875 0.5688588234374999 0.9944194984375001 0.5243942140625 0.9395419390624999 0.4996916921875