0 0.46219165 0.9056432687499999 0.2436694125 0.6932123890625 0.142632553125 0.7482580328124999 0.35169162656249997 0.9769989265625 0.3530519734375 0.977085728125 0.46221365625 0.90689866875 0.46219165 0.9056432687499999
0 0.2050979328125 0.696110903125 0.20505693125 0.693771928125 0.0436235390625 0.6238456625000001 0.0520494171875 0.744341346875 0.147762415625 0.7924930625 0.2050979328125 0.696110903125
0 0.3870701328125 0.54675505 0.16670949375 0.5216285234375 0.11031757499999999 0.587140190625 0.3308886421875 0.62208203125 0.3360783875 0.6224131890625 0.38709875625 0.5483879468749999 0.3870701328125 0.54675505
0 0.6225992078125 0.686211284375 0.38324119218749997 0.5960366921875 0.3239770515625 0.6459917515625 0.5582054140625 0.7658731249999999 0.5600416375 0.76599029375 0.622661378125 0.6897578296875 0.6225992078125 0.686211284375
0 0.54814978125 0.4684018 0.3540146359375 0.4118414578125 0.3220451015625 0.4525243171875 0.4974585859375 0.5080978328125 0.4993160609375 0.508216359375 0.54814978125 0.4684018
0 0.7523209468750001 0.59028439375 0.559159628125 0.46801108124999996 0.49306219375 0.4877981625 0.695684003125 0.6142063624999999 0.699756775 0.6144662453125 0.7523219828125 0.5903434578125 0.7523209468750001 0.59028439375
0 0.6483901125 0.4066142984375 0.4778573078125 0.3768207078125 0.44156895937499996 0.4059722359375 0.615835125 0.4455566125 0.6193800046875 0.44578281249999996 0.6483901125 0.4066142984375
0 0.8152717125000001 0.3441187109375 0.6767828421875 0.2861410625 0.6541412234374999 0.300335440625 0.787385471875 0.3614858078125 0.7913063828125 0.361736 0.815277265625 0.3444355546875 0.8152717125000001 0.3441187109375
1 0.649124609375 0.4336618484375 0.6482946703125 0.43360889062499997 0.6290836546875 0.4600702765625 0.8325538874999999 0.5029999921874999 0.8350424390625 0.5031587875 0.8565615828125 0.46857833906249996 0.8565431921875 0.4675291875 0.649124609375 0.4336618484375
1 0.7434693046875 0.353049178125 0.583912478125 0.3425153265625 0.5570244578125 0.3652834390625 0.7228177546875 0.38696133593750004 0.72936133125 0.3873788796875 0.74350175 0.35490000625 0.7434693046875 0.353049178125
1 0.9845978515624999 0.36574056875 0.8264850062500001 0.331878859375 0.82048068125 0.3476174328125 0.9477485625 0.390410528125 0.9633050593749999 0.3914031875 0.984619309375 0.36696465 0.9845978515624999 0.36574056875
1 1 0.6583551265625001 0.9030101109374999 0.6007043734375 0.862313209375 0.66223915 1 0.7381923078125 1 0.6583551265625001
1 1 0.8473354140625 0.7928041984374999 0.75790403125 0.7374204328125 0.8356090046875 1 0.96485326875 1 0.8473354140625
1 1 0.5400019609375 0.9824039499999999 0.5300016750000001 0.9474596359375 0.565910484375 1 0.5871942078125 1 0.5400019609375