0 0.7546846281249999 1 0.8569999375 0.9916480734374999 0.856750815625 0.98859621875 0.8390852093750001 0.9112335500000001 0.46486716093749997 0.8592665687500001 0.4512974359375 0.9577425453125 0.7383877 1 0.7546846281249999 1
0 0.44471412343749994 1 0.4518603453125 0.9106219531249999 0.4507625203125 0.897173040625 0.0854256875 0.90287818125 0.08064515312500001 0.9036549828125 0.044746112500000004 1 0.44471412343749994 1
1 0.7807877999999999 0.7499675359375 0.7801538203125 0.7422009640625 0.7622678640625 0.6845103390625 0.4665100421875 0.6979394328125 0.46359843125 0.772530496875 0.7095523765625 0.75578243125 0.7807877999999999 0.7499675359375
1 0.456110559375 0.6935949828125 0.4544645296875 0.68058579375 0.173376059375 0.7298231656249999 0.1554830609375 0.8041487093749999 0.161408178125 0.8036650468750001 0.46041468124999996 0.7463226515625 0.456110559375 0.6935949828125
0 0.739103384375 0.6045117078125 0.71683545 0.5564133265625 0.47643334531250003 0.61195198125 0.4828700921875 0.6644564859375001 0.48643950937499997 0.6641651171875 0.7395851859375 0.610414034375 0.739103384375 0.6045117078125
1 0.47468228593750006 0.6005115812499999 0.238080615625 0.5962659015625 0.21961553125000002 0.634167328125 0.4575817625 0.661813759375 0.4648949390625 0.6612167906249999 0.47468228593750006 0.6005115812499999
0 0.4846625875 0.48596221093749997 0.2746627953125 0.52547373125 0.264835471875 0.55830365625 0.28263914375 0.5568503546875 0.47895845000000004 0.5282938749999999 0.4850385484375 0.49056791562499996 0.4846625875 0.48596221093749997
0 0.70176198125 0.4930390015625 0.685075403125 0.46691905 0.48704179999999997 0.5268752875 0.49733004843749995 0.5612912609375 0.4985568390625 0.5611911187499999 0.70202398125 0.496248615625 0.70176198125 0.4930390015625
1 0.6827829546874999 0.43352548437499994 0.6664478515625001 0.41080247343750004 0.49373520624999995 0.4442533609375 0.506704615625 0.478938128125 0.522252328125 0.477668978125 0.6831919046875 0.4385353203125 0.6827829546874999 0.43352548437499994
1 0.5032283984375 0.444308528125 0.5029588734375 0.44100670781250007 0.322740646875 0.43418740624999996 0.3130297625 0.4592433515625 0.3130884390625 0.45996215312500005 0.482703653125 0.46834532500000003 0.49191909218749996 0.467593075 0.5032283984375 0.444308528125
0 0.509130065625 0.3820597859375 0.35905996406249996 0.39105346406249997 0.35179367968749997 0.42568548125000005 0.3599311234375 0.42502122656249997 0.507681678125 0.40597151406250004 0.5092589203125 0.38363834375 0.509130065625 0.3820597859375
1 0.667230459375 0.3775467015625 0.6583298359375 0.3649821984375 0.514217184375 0.4078630796875 0.517545378125 0.429414265625 0.5264592265625 0.428686634375 0.6675648765625 0.381643475 0.667230459375 0.3775467015625
0 0 0.4758557125 0.0333477078125 0.48776695156249994 0.034047784375 0.487709803125 0.052056917187499996 0.452883109375 0.0518890140625 0.45082622031249997 0 0.44264824062499997 0 0.4758557125
1 0 0.5579560140625001 0.15665422812500002 0.5451684421875 0.17715528125 0.505382884375 0.176931553125 0.502642103125 0 0.5162931671875 0 0.5579560140625001