0 0.1920138671875 0.7191358 0.087897090625 0.7911818671875 0.3546439140625 0.977686234375 0.4498114421875 0.8764056984374999 0.1920138671875 0.7191358
0 0.178202025 0.7244849531249999 0.0034722015625 0.6172839484375 0.0031494234375 0.7442470390625 0.09206500937499999 0.8109439515625001 0.178202025 0.7244849531249999
0 0.15666775625 0.5268644328125001 0.08993053437500001 0.5709876515625 0.305323559375 0.6516124375000001 0.3615904671875 0.588620909375 0.15666775625 0.5268644328125001
0 0.5984671828125 0.68002034375 0.361805534375 0.5876543187500001 0.304628884375 0.65902320625 0.5387270296875 0.7590685765625 0.5984671828125 0.68002034375
0 0.344918790625 0.40952730937500004 0.31388886718750003 0.459876540625 0.4741242828125 0.5132780625 0.526223271875 0.4725188375 0.344918790625 0.40952730937500004
0 0.7367032515624999 0.5392157515625 0.5190972015625 0.472839503125 0.4769029171875 0.514513228125 0.6901614031250001 0.58244519375 0.7367032515624999 0.5392157515625
0 0.636673128125 0.407057034375 0.4782922015625 0.37247346875 0.4539793625 0.39964626718749996 0.605413734375 0.43670010625 0.636673128125 0.407057034375
0 0.810336446875 0.297130621875 0.6693218078125 0.2773685921875 0.6503472015625 0.2839506140625 0.6755736859375 0.3131873234375 0.78949685 0.3391250125 0.810336446875 0.297130621875
1 0.8763888671875 0.5858024671875001 0.8415958390625 0.6404962859375 1 0.69484188125 0.999976765625 0.619499034375 0.8763888671875 0.5858024671875001
1 0.7732638671875 0.7358024671875001 0.7116957359375 0.8109439515625001 1 0.951748546875 0.99789280625 0.8319410906250001 0.7732638671875 0.7358024671875001
1 0.5685971375000001 0.3205980921875 0.5440972015625001 0.3358024671875 0.7033598984375 0.37370857812499997 0.7228101453125 0.34777088906250003 0.5685971375000001 0.3205980921875
1 0.9666334125 0.33171424374999997 0.814930534375 0.3043209859375 0.82075624375 0.32924396875 0.9485723875 0.3551816578125 0.9666334125 0.33171424374999997
1 0.9041146265625001 0.381119346875 0.7228101453125 0.3514762734375 0.72419949375 0.378649071875 0.8804964609375 0.40829214374999995 0.9041146265625001 0.381119346875
1 0.83812253125 0.4576973015625 0.6378472015625001 0.409876540625 0.6130548984375 0.43917038125 0.8020006078125 0.4972213609375 0.83812253125 0.4576973015625
1 0.9548242671875 0.4935159765625 0.9295138671875 0.5228395031249999 0.9971981953125001 0.5602128890625 1 0.5071024609375 0.9548242671875 0.4935159765625