0 0.348254865625 0.6033280265625 0.34833776875 0.6027616546875 0.14615346406250002 0.4797965890625 0.0676864859375 0.5038186953125 0.067680975 0.5038563515625001 0.2595982484375 0.6392306828125001 0.260541521875 0.639363346875 0.348254865625 0.6033280265625
0 0.53887541875 0.7243148328125 0.3663140796875 0.577373796875 0.2821912421875 0.6102557375 0.46412065468749997 0.7690758203125 0.46719226718750007 0.769507815625 0.5385640953124999 0.7264417453124999 0.53887541875 0.7243148328125
0 0.12439747500000001 0.7023439765624999 0.1223070453125 0.7020499734375 0.027422979687499998 0.769492665625 0.275478896875 0.9478652999999999 0.27704734062499997 0.9480858874999999 0.3771453296875 0.8480310296875 0.37729683125 0.8469959890625001 0.12439747500000001 0.7023439765624999
0 0 0.7281419953125 0.036367953125000005 0.753138859375 0.0405731171875 0.7537302796875001 0.13549145625 0.67674715 0.1356145484375 0.6759062 0 0.6040492703125 0 0.7281419953125
0 0.3300596171875 0.3987928609375 0.2861301578125 0.44005664375000003 0.45395218125000003 0.5111016015625001 0.5079154031249999 0.48296828906249994 0.508014421875 0.4822918234375 0.3300596171875 0.3987928609375
0 0.7089816265625 0.575721540625 0.5011155921875 0.49279540781250003 0.4496213453125 0.519874384375 0.65479679375 0.60794571875 0.662088440625 0.6089712281249999 0.7087831984374999 0.5770771703124999 0.7089816265625 0.575721540625
0 0.8073856203125 0.34551948593750004 0.80751483125 0.3446367390625 0.6617053 0.31854210156249996 0.6494434890624999 0.3267691875 0.649406821875 0.3270196984375 0.7760317859375 0.3643974921875 0.7807400109375 0.3650596640625 0.8073856203125 0.34551948593750004
0 0.4710591796875 0.3783636140625 0.47079907343749994 0.3783270296875 0.427794565625 0.3864426546875 0.5713195125 0.45248109999999997 0.5752123171875 0.45302859062499995 0.622771284375 0.4314941 0.622865415625 0.43085100781249996 0.4710591796875 0.3783636140625
1 0.9169310265625 1 0.9301109265624999 0.9303555078124999 0.932320078125 0.9152629453125 0.7184527421875 0.7798398109375 0.6479577109375 0.8414820953125 0.8906691390624999 1 0.9169310265625 1
1 0.9615568124999999 0.7155223546875 0.8444253765624999 0.6435920890625 0.7919879734374999 0.6888723328124999 0.939858715625 0.78386458125 0.9451516015625 0.7846089796875 0.9599104281249999 0.7267701828125 0.9615568124999999 0.7155223546875
1 0.8213864546874999 0.4870806015625 0.6131366984375 0.45475506406250005 0.5739631562499999 0.4847251734375 0.763525846875 0.5205773687499999 0.7899650328125001 0.524295815625 0.8212253015625001 0.4881815875 0.8213864546874999 0.4870806015625
1 0.8977307124999999 0.42915181562500004 0.7133843421875 0.399614775 0.6834206921875 0.4350800515625 0.707525365625 0.43847017031249996 0.8771128750000001 0.45718453906249995 0.89751455625 0.4306285671875 0.8977307124999999 0.42915181562500004
1 0.9764216546875 0.62475056875 0.9795061031250001 0.6036781328124999 0.978303090625 0.5745755203125 0.9249666453125001 0.570563140625 0.8972967984375 0.6136223265625 0.9764216546875 0.62475056875
1 0.5862763359375001 0.3242199828125 0.5583710046875 0.3356231 0.6733005515625 0.42089093125000004 0.70822549375 0.406988453125 0.5862763359375001 0.3242199828125
1 0.95208201875 0.4110271734375 0.969328209375 0.3806645421875 0.8091571859375 0.3788667734375 0.7900791328125 0.396381490625 0.804142709375 0.39835941406250003 0.95208201875 0.4110271734375